FID	IID	U1	U2	U3	U4	U5	U6	U7	U8	U9	U10
cUID_unk_4167_marmot4167_sorted	cUID_unk_4167_marmot4167_sorted	0.01070366	-0.004293825	0.07861457	-0.08291249	-0.1002529	-0.0215037	0.2442965	-0.03047123	-0.008161929	-0.02965926
RMBL_marmot_05-06_sorted	RMBL_marmot_05-06_sorted	-0.08199726	-0.008673588	-0.08400339	-0.004339273	0.01571524	-0.01440714	0.01850906	0.08728128	0.1487253	0.05257651
RMBL_marmot_no_label_MS125_May2024_sorted	RMBL_marmot_no_label_MS125_May2024_sorted	-0.08199219	-0.008798392	-0.08393143	-0.004432713	0.01549502	-0.01435962	0.01842575	0.08724665	0.1486463	0.05263714
UID_10009_10025_sorted	UID_10009_10025_sorted	0.1076484	-0.1106821	-0.01463885	0.07338292	0.01987854	-0.06768886	-0.01952549	-0.01601409	-0.074532	-0.02560333
UID_10010_10019_sorted	UID_10010_10019_sorted	-0.09056512	-0.02527372	-0.05190326	-0.006735054	-0.024064	-0.006670364	-0.04373242	-0.1429036	0.0243657	-0.1125919
UID_10021_10134_sorted	UID_10021_10134_sorted	-0.0056149	0.02324982	-0.03741982	0.01851897	-0.02994558	-0.009539483	0.02131595	-0.03044004	0.01750211	-0.01835908
UID_10041_9876_sorted	UID_10041_9876_sorted	-0.05005466	-0.01123359	0.03571919	-0.04017179	-0.0288732	-0.1255784	-0.02164039	-0.03048262	0.02424138	0.1208141
UID_10048_10061_sorted	UID_10048_10061_sorted	-0.07041233	-0.04424712	0.0001194183	-0.009465367	-0.04826777	-0.04130881	-0.0822645	-0.0470081	-0.1484566	-0.01041234
UID_10052_10034_sorted	UID_10052_10034_sorted	-0.06592031	-0.01272364	0.02519102	-0.03554189	-0.01852547	0.006565043	-0.08472948	-0.08882089	-0.1073264	-0.03130858
UID_10054_10194_sorted	UID_10054_10194_sorted	0.1090594	-0.0866663	0.02801856	0.1054273	0.0154249	-0.034385	0.01222181	-0.0006008203	-0.04682347	-0.07793219
UID_10056_10055_sorted	UID_10056_10055_sorted	-0.06162848	-0.03623786	-0.09733032	0.05892298	0.07421172	-0.02691128	-0.04535404	0.1143216	0.03541055	-0.09006966
UID_10067_10185_sorted	UID_10067_10185_sorted	-0.006144134	0.04802702	-0.01533775	0.009532642	0.1796893	-0.1002994	-0.007374782	-0.1146136	0.01882573	0.07174772
UID_10070_10071_sorted	UID_10070_10071_sorted	-0.0875677	-0.02654071	-0.1260935	-0.03757748	0.009105397	0.08996083	-0.01511506	0.004339858	-0.08296608	0.02080979
UID_10073_10028_sorted	UID_10073_10028_sorted	0.07619623	0.03648443	-0.02704394	-0.1031152	0.0682681	-0.06908511	0.0005256388	0.02385849	-0.01148316	-0.04841
UID_10083_10001_sorted	UID_10083_10001_sorted	-0.05050224	0.004381144	0.1537121	-0.03169261	0.01219083	0.1741294	-0.1299232	-0.01591952	0.02902144	0.07315335
UID_10089_10098_sorted	UID_10089_10098_sorted	0.06410165	0.001353872	-0.00989883	0.01079783	0.2084476	-0.04883991	-0.04652984	0.009171141	0.0380804	-0.0092511
UID_10095_10094_sorted	UID_10095_10094_sorted	0.08511065	-0.03934901	-0.04214431	0.05457741	0.01816002	0.02863693	-0.02312512	-0.01261518	-0.05426556	-0.008576021
UID_10100_10005_sorted	UID_10100_10005_sorted	0.0203848	0.1263493	-0.02941588	0.08048197	-0.08175154	0.01108846	-0.02911753	-0.05697769	-0.005286356	0.005275409
UID_10106_4466_sorted	UID_10106_4466_sorted	0.03647896	0.1200167	-0.01109347	0.07805579	-0.01121691	-0.0005911741	-0.01341678	-0.05067061	-0.001750337	0.006155152
UID_10112_6205_sorted	UID_10112_6205_sorted	-0.05853699	0.005441422	-0.1028418	-0.0130423	0.08001649	0.08106658	-0.006514172	0.2090515	-0.01498207	0.05936098
UID_10145_10372_sorted	UID_10145_10372_sorted	-0.06246286	-0.05669302	0.01104261	-0.02587926	-0.04078773	-0.1295134	-0.08565966	-0.03127083	0.0757817	-0.06789369
UID_10146_10130_sorted	UID_10146_10130_sorted	0.06565929	0.03138728	-0.0148414	-0.0852258	0.04324237	-0.02627432	0.03619268	0.05979599	0.001027697	-0.03189371
UID_10147_10132_sorted	UID_10147_10132_sorted	0.1224914	-0.1197133	-0.004833022	0.06847165	0.03729139	-0.02086383	-0.0452876	-0.005103633	-0.01695162	-0.05074791
UID_10148_9348_sorted	UID_10148_9348_sorted	-0.04170762	-0.02193986	0.02518755	-0.01011106	-0.01665055	-0.04306989	-0.0003783922	0.0181506	-0.010026	0.1610823
UID_10150_9248_sorted	UID_10150_9248_sorted	-0.0005312762	0.05392442	0.07301833	-0.02006935	0.2085855	-0.06698996	-0.007885086	-0.1025415	-0.01043939	0.06931537
UID_10155_10111_sorted	UID_10155_10111_sorted	0.01588083	0.05936074	0.02831801	0.04188431	0.1905176	-0.09624656	-0.02141544	-0.05232445	0.02140423	0.02893514
UID_10159_10161_sorted	UID_10159_10161_sorted	0.1344108	-0.09861434	-0.06108354	-0.03032481	-0.1072988	0.05078131	0.01883819	-0.01539543	0.05435863	0.01118074
UID_10165_10102_sorted	UID_10165_10102_sorted	0.05388363	0.06652903	-0.0489955	-0.1357063	-0.003046357	-0.05362212	0.002830632	0.0389621	-0.01782599	0.05667905
UID_10166_10168_sorted	UID_10166_10168_sorted	0.05821722	-0.06157619	-0.0037769	0.08095847	0.006812958	-0.01754824	-0.04083891	0.02916939	-0.04380187	0.02502064
UID_10172_10167_sorted	UID_10172_10167_sorted	0.1148445	-0.08759882	-0.05568586	-0.03935107	-0.08936978	-0.01167356	-0.05956362	0.02094525	0.05878586	0.006082065
UID_10175_10121_sorted	UID_10175_10121_sorted	0.1500805	-0.09930432	-0.001853069	0.08707987	-0.01552172	0.05277864	0.0269958	-0.02416276	0.002143937	0.05578063
UID_10176_10035_sorted	UID_10176_10035_sorted	-0.07872022	-0.05956127	0.03683605	-0.002507168	0.0245872	-0.06989797	0.0003470856	0.07596229	-0.08414303	-0.02172038
UID_10181_10436_sorted	UID_10181_10436_sorted	-0.07361017	-0.002658523	0.06067664	0.02573562	-0.02200457	-0.09454877	0.05914865	0.05316464	-0.1374768	0.03238533
UID_10187_9267_sorted	UID_10187_9267_sorted	-0.005503593	-0.03480165	-0.01960611	0.01991725	0.004992071	-0.01934558	-0.08841156	-0.03075215	-0.09364742	-0.06945543
UID_10189_10179_sorted	UID_10189_10179_sorted	-0.04794132	-0.0634683	0.0518558	0.141172	0.02399298	-0.03471168	0.0407022	0.06408306	0.03120642	-0.07360044
UID_10200_10928_sorted	UID_10200_10928_sorted	0.03222435	0.1696611	-0.02967142	0.09154311	-0.02106805	0.05354855	-0.01227671	-0.02555171	0.01612654	-0.001618258
UID_10212_10207_sorted	UID_10212_10207_sorted	-0.03968279	0.00883972	0.03841632	0.002646257	-0.03601912	-0.02791523	-0.1389062	-0.07681823	-0.02128158	0.01482076
UID_10215_9310_sorted	UID_10215_9310_sorted	0.053959	-0.05777144	0.0181748	0.05561016	-0.001942658	0.03738237	-0.01431132	0.01538877	0.01651225	-0.0389124
UID_10218_10220_sorted	UID_10218_10220_sorted	0.02761314	0.1457915	-0.04893576	0.05272218	-0.04165098	0.02006056	-0.01049455	-0.03738562	0.02443035	-0.006182046
UID_10221_10219_sorted	UID_10221_10219_sorted	-0.06574612	-0.0422591	0.01040601	0.03350597	-0.05312736	-0.06054681	-0.07065214	-0.07583066	-0.06539188	-0.01664486
UID_10222_10214_sorted	UID_10222_10214_sorted	-0.02304181	0.06052083	-0.02299321	0.05990326	0.06688221	0.06227241	-0.009571787	0.1236691	-0.04804222	-0.02092162
UID_10225_10242_sorted	UID_10225_10242_sorted	-0.05591227	-0.0416652	-0.0311635	-0.05886545	-0.06254098	-0.0761031	-0.02612193	-0.1303074	0.1339331	-0.1088454
UID_10235_10085_sorted	UID_10235_10085_sorted	0.04662376	0.06600709	-0.03031854	0.03557756	-0.04306417	-0.003596988	0.02891414	-0.01949918	0.04145224	0.007017221
UID_10243_10245_sorted	UID_10243_10245_sorted	-0.05781777	-0.03846079	-0.006577745	-0.03560568	-0.06592358	-0.04948496	-0.09430754	-0.07893169	0.09949447	-0.03064125
UID_10248_10247_sorted	UID_10248_10247_sorted	-0.0164757	0.004712623	0.1848203	-0.01418094	0.06280811	0.2213966	-0.0536225	0.007129709	0.03792774	0.06861933
UID_10249_10250_sorted	UID_10249_10250_sorted	0.04202869	0.01394293	-0.008389739	0.01698284	0.05315059	0.002435936	-0.02210223	-0.02202836	0.001117709	0.03372087
UID_10252_10295_sorted	UID_10252_10295_sorted	-0.07342073	-0.04333413	0.04013772	0.07630987	0.01804199	0.04457353	0.02907352	0.09397697	0.02608629	-0.0715528
UID_10254_10256_sorted	UID_10254_10256_sorted	0.06154545	0.04536289	-0.04979596	-0.119787	-0.01606479	-0.02134163	-0.05518001	0.05932988	0.005149315	-0.0827884
UID_10260_10255_sorted	UID_10260_10255_sorted	0.06252009	0.02006565	-0.03332868	-0.06110654	0.01762154	0.004270334	-0.06007153	0.03125357	0.009419542	0.03345161
UID_10261_10262_sorted	UID_10261_10262_sorted	0.06462985	0.04772902	-0.04648636	-0.1373423	-0.02811386	0.005363395	-0.02533526	0.123957	0.03062424	0.007202814
UID_10266_10265_sorted	UID_10266_10265_sorted	0.01299958	0.1558522	-0.009123476	0.07375909	-0.04654068	-0.04012856	-0.04919244	0.03992398	-0.007365143	-0.06204063
UID_10276_10092_sorted	UID_10276_10092_sorted	-0.08012719	-0.04365991	-0.05515005	-0.06899735	-0.05144272	-0.04829891	-0.03659364	-0.1484429	0.04831008	-0.1436864
UID_10279_10282_sorted	UID_10279_10282_sorted	0.05546667	0.004486804	-0.01493887	0.02918921	0.1096842	-0.108669	-0.06063463	-0.02385832	0.04679493	0.03719537
UID_10287_10267_sorted	UID_10287_10267_sorted	0.1234348	-0.1428757	0.005516191	0.1042603	-0.005837002	0.002253	0.008087351	-0.02505834	0.02003885	0.01332251
UID_10292_10398_sorted	UID_10292_10398_sorted	0.137125	-0.1069726	0.01843622	0.08337385	-0.05847957	0.01176706	0.04320215	-0.05447075	0.004556706	0.05185514
UID_10293_10289_sorted	UID_10293_10289_sorted	0.0009459915	0.01419709	0.08479061	-0.02608547	0.0260412	0.1824309	-0.05527297	0.01573086	-0.01747615	0.0430842
UID_10300_10286_sorted	UID_10300_10286_sorted	0.03639916	-0.03981276	0.006911205	0.02232698	-0.005531868	0.01233422	-0.005071753	-0.03002466	0.01324881	-0.007297718
UID_10304_10333_sorted	UID_10304_10333_sorted	-0.02812214	0.01307536	-0.1015757	0.008242655	0.06268704	0.03592506	0.1140673	-0.08090956	0.01941933	0.02240297
UID_10318_9454_sorted	UID_10318_9454_sorted	-0.08166245	-0.03149434	0.0350624	-0.02500227	0.01681974	0.1273888	-0.07439236	-0.08035675	-0.02847923	0.04299622
UID_10327_10348_sorted	UID_10327_10348_sorted	-0.04157998	-0.01964561	0.03267538	0.02983007	-0.02366156	-0.0685048	0.03407691	0.006743009	-0.07055185	0.06449242
UID_10332_10412_sorted	UID_10332_10412_sorted	-0.09103539	-0.05182807	0.04782673	-0.01618245	0.04876284	0.1680479	-0.09746765	-0.09776876	-0.09773608	-0.04702964
UID_10337_10361_sorted	UID_10337_10361_sorted	0.0489766	0.1401666	-0.05057533	0.03753757	-0.09614136	0.009760659	0.05677534	-0.07349786	0.04954764	0.1765269
UID_10339_10402_sorted	UID_10339_10402_sorted	-0.04914163	0.01744554	-0.07943971	-0.07551752	0.1051675	0.07473309	0.08535491	-0.08284667	-0.006595236	0.03378028
UID_10341_10403_sorted	UID_10341_10403_sorted	-0.07081003	-0.03066588	0.03189888	0.005593764	0.01209158	0.1722304	-0.1056146	-0.1432083	-0.09627298	0.04732739
UID_10343_10345_sorted	UID_10343_10345_sorted	-0.05257831	-0.03623178	-0.002251821	-0.02075038	-0.0208476	-0.1471919	-0.02664006	0.03017963	-0.07030727	0.1535283
UID_10354_10305_sorted	UID_10354_10305_sorted	-0.02918011	0.01285419	-0.08715153	-0.05981138	0.09565979	0.0748781	0.1400966	-0.1274017	-0.05062415	-0.02010941
UID_10357_10359_sorted	UID_10357_10359_sorted	-0.05707578	-0.0266781	0.002468384	-0.01918837	-0.0097714	-0.06673459	-0.09086822	-0.04266438	0.02425441	-0.07110912
UID_10363_10311_sorted	UID_10363_10311_sorted	0.04651051	0.1620177	-0.05240536	0.01897632	-0.05821959	-0.02965198	0.0390898	-0.02163504	0.01547756	0.1651973
UID_10369_10008_sorted	UID_10369_10008_sorted	0.1270776	-0.1059139	0.03637269	0.08260983	-0.01568532	0.02016117	0.02845073	-0.02019746	-0.007086346	0.04172243
UID_10371_10389_sorted	UID_10371_10389_sorted	0.1183162	-0.1129787	-0.01117756	0.08447251	-0.08362504	0.06825627	0.06619991	-0.07447473	0.01670167	0.03153331
UID_10382_10273_sorted	UID_10382_10273_sorted	-0.06521568	0.01725277	0.02586816	-0.04794711	-0.04425977	-0.05852066	-0.01786412	0.05020815	-0.1301323	0.1457964
UID_10386_10383_sorted	UID_10386_10383_sorted	-0.1015385	-0.08615614	-0.1286722	-0.0562099	-0.001686587	0.04697367	-0.005036828	-0.09359525	-0.04689505	0.03072847
UID_10388_10375_sorted	UID_10388_10375_sorted	0.1276419	-0.1065568	-0.00747732	0.1035098	-0.09880139	0.008262181	0.0997161	-0.01584552	0.005802899	0.01979651
UID_10407_10302_sorted	UID_10407_10302_sorted	-0.03435879	-0.01593785	0.03177581	-0.007774548	-0.01737832	-0.04560254	0.05471371	0.02225707	-0.09798084	0.06650551
UID_10409_10353_sorted	UID_10409_10353_sorted	0.0311855	0.1845873	-0.0731064	0.04350361	-0.06407382	-0.009699851	0.03903629	-0.02634846	0.01412719	0.1777218
UID_10416_10422_sorted	UID_10416_10422_sorted	-0.05774263	-0.01746052	0.05854268	0.001315288	-0.04819361	-0.04839542	-0.008288035	0.06624602	0.002817973	0.182054
UID_10418_10051_sorted	UID_10418_10051_sorted	-0.05562918	-0.04655585	0.06017963	0.02748193	-0.08706536	-0.09088065	-0.02731949	0.04408108	-0.01727185	0.1140994
UID_10421_4461_sorted	UID_10421_4461_sorted	-0.08539344	-0.01210374	0.023818	-0.002164374	-0.03202286	-0.01324494	0.01066272	0.0614659	-0.05562967	0.1441178
UID_10437_10428_sorted	UID_10437_10428_sorted	-0.04582347	-0.01280444	-0.07450339	-0.05770991	0.05877301	0.03991612	0.131205	-0.07162581	0.05445193	-0.042122
UID_19_46_sorted	UID_19_46_sorted	-0.01464738	-0.02675013	0.06403692	-0.1209332	-0.02153325	0.01976571	0.2301009	-0.05101105	-0.07689262	-0.1172393
UID_2686_2690_sorted	UID_2686_2690_sorted	-0.004526073	-0.001310308	0.1306009	-0.02633951	0.002190313	0.03254191	0.02347604	-0.03183849	-0.01581078	0.0004772419
UID_2793_2821_sorted	UID_2793_2821_sorted	-0.0123718	0.01579526	0.1235161	-0.04361932	0.01434205	-0.01225304	0.1008139	0.02003011	-0.03874448	-0.02794754
UID_2805_2809_sorted	UID_2805_2809_sorted	0.02632246	0.02862949	0.1334345	0.00755643	0.04869096	-0.007051796	0.1168094	0.0007123663	-0.01709217	-0.01933259
UID_2822_2876_sorted	UID_2822_2876_sorted	0.01157479	0.02705892	0.06430797	-0.06851975	-0.03419345	-0.02021776	0.1287513	0.05120783	-0.04017815	-0.151552
UID_3166_3174_sorted	UID_3166_3174_sorted	0.009110339	-0.00673519	0.07541354	-0.08472384	-0.100144	-0.01781117	0.250276	-0.03068486	-0.004804185	-0.0368779
UID_37_247_sorted	UID_37_247_sorted	0.005060899	0.02901817	0.1356055	-0.04198804	0.05520424	0.0002330842	0.01616201	-0.0397138	-0.002705389	-0.06744965
UID_4052_4051_sorted	UID_4052_4051_sorted	0.01563122	-0.01347623	0.03255622	-0.06421161	0.06260314	0.02190994	0.09671303	-0.02049764	-0.09445937	0.01756418
UID_4229_4217_sorted	UID_4229_4217_sorted	-0.03040751	0.05445456	0.1109839	-0.04782206	-0.04378136	-0.08428851	-0.01605691	-0.03098546	0.08734646	-0.01529609
UID_4384_noear_sorted	UID_4384_noear_sorted	0.01426762	0.009237082	0.04110585	-0.01364897	0.06968666	-0.009571265	0.08207838	-0.005495521	-0.1021721	0.02093113
UID_4405_10284_sorted	UID_4405_10284_sorted	-0.06158021	-0.02273726	0.06659984	0.110731	-0.01681241	0.02650792	0.04193997	0.1106896	0.04360536	-0.118867
UID_4414_9552_sorted	UID_4414_9552_sorted	-0.03925687	0.02434102	0.1675523	-0.02209868	0.07599988	0.2619395	-0.04570653	-0.01042057	0.01366332	0.07902255
UID_4463_6212_sorted	UID_4463_6212_sorted	-0.004599695	0.06398597	0.07186255	-0.005479069	0.2304579	-0.1178669	0.04114573	-0.08740609	0.02592434	-0.06377321
UID_4508_4512_sorted	UID_4508_4512_sorted	-0.005575793	-0.02644155	0.009686833	-0.03266054	-0.06355104	-0.0277468	0.1868643	-0.0134193	-0.06636622	-0.09300238
UID_4692_4681_sorted	UID_4692_4681_sorted	-0.01971481	0.04816572	0.06177033	-0.03502883	-0.01445558	-0.06711303	-0.04486587	0.00989968	0.07596308	0.009477562
UID_48_47_sorted	UID_48_47_sorted	-0.007471537	0.0259856	0.06184568	-0.08476126	-0.007421513	-0.007110586	0.1367431	-0.01522019	-0.05099514	-0.1175143
UID_4901_5896_sorted	UID_4901_5896_sorted	0.02055173	0.03516083	0.09160091	0.01030226	-0.001619907	-0.01679443	0.08180519	0.06883834	0.01096034	-0.1058797
UID_5263_5249_sorted	UID_5263_5249_sorted	0.003349873	0.06049398	0.06834491	-0.008200816	0.06006108	0.04185493	0.04133873	0.05915637	-0.06480487	-0.05798098
UID_5285_5088_sorted	UID_5285_5088_sorted	0.01052539	0.02804415	0.0449058	-0.01411478	-0.02882222	-0.02563612	0.04786225	0.01216523	-0.02991495	-0.06471501
UID_5501_5503_sorted	UID_5501_5503_sorted	-0.0001393926	-0.0004920859	0.06296454	-0.0948193	-0.05429154	-8.464195e-06	0.1821293	-0.0007689697	-0.01322615	0.03362704
UID_5540_5546_sorted	UID_5540_5546_sorted	-0.01485641	0.01052091	0.1486633	0.02938562	-0.03052373	0.003830888	-0.05308251	0.04177651	0.1191435	0.05878765
UID_6687_6677_sorted	UID_6687_6677_sorted	0.1451865	-0.07666007	-0.01187693	-0.03571463	-0.05269907	0.1114041	-0.007106945	-0.03804188	0.05331242	0.05671033
UID_6779_6729_sorted	UID_6779_6729_sorted	-0.02519983	0.0200448	0.1168917	0.05941118	-0.04500645	-0.007947943	-0.05978285	0.009215452	0.09721252	0.01551174
UID_6794_6799_sorted	UID_6794_6799_sorted	-0.01926671	-0.002660361	0.1278779	0.02624926	-0.02228722	-0.02026382	-0.04128466	0.01054684	0.142986	0.09056028
UID_6835_6898_sorted	UID_6835_6898_sorted	-0.003479272	0.02209896	0.1127953	-0.0329758	-0.006413064	-0.09814009	-0.01032454	0.01230193	-0.1018572	-0.1260488
UID_7131_7126_sorted	UID_7131_7126_sorted	-0.03791649	-0.01432112	0.04589547	-0.009007174	-0.1280106	-0.03028872	0.07900786	0.09078556	0.07288774	-0.01358202
UID_7289_6695_sorted	UID_7289_6695_sorted	-0.02858635	0.03312529	0.1306331	-0.004220226	-0.04867993	-0.01276215	-0.05280547	-0.005975455	0.1056257	-0.0525963
UID_7365_7368_sorted	UID_7365_7368_sorted	-0.009541234	0.01664378	0.07914448	-0.02932251	-0.1237774	0.002618814	0.05084094	0.08034104	0.1293109	-0.05016034
UID_7407_7412_sorted	UID_7407_7412_sorted	-0.008413129	0.02393023	0.05905901	0.04876174	0.03123748	0.06982722	0.003883264	0.06721918	0.02723786	-0.04846966
UID_7559_7225_sorted	UID_7559_7225_sorted	-0.02277184	-0.05722737	0.1186647	-0.02352165	-0.1003021	-0.03240162	0.04007424	0.001584023	0.160251	-0.07061819
UID_7565_7355_sorted	UID_7565_7355_sorted	-0.02956975	0.001386775	0.1073233	-0.032347	-0.05480777	-0.01732401	-0.04868813	-0.01713268	0.1751613	0.08418687
UID_7635_7645_sorted	UID_7635_7645_sorted	-0.02102287	0.0121968	0.1346565	-0.002377778	0.1091778	0.1999343	-0.005739753	0.0337938	0.01052361	0.009460887
UID_7698_7699_sorted	UID_7698_7699_sorted	0.003554903	0.08546402	0.01116771	0.02605608	-0.08486824	-0.03934752	-0.09294678	-0.03255185	-0.008173977	-0.06692792
UID_7712_7379_sorted	UID_7712_7379_sorted	0.02787107	0.05459561	0.02723597	-0.002331986	0.1927982	-0.1583729	-0.02112828	-0.04282647	0.07668124	-0.01817679
UID_7733_7734_sorted	UID_7733_7734_sorted	0.02068	0.1138948	-0.01058114	0.06824059	-0.02582715	-0.007555164	-0.07833534	-0.01061019	-0.1174871	-0.07415028
UID_8080_9845_sorted	UID_8080_9845_sorted	0.04557398	0.02769171	0.01302339	-0.01562004	-0.01250319	-0.01917899	-0.0160662	0.008447163	0.00356446	-0.005038515
UID_8089_8088_sorted	UID_8089_8088_sorted	0.008482582	0.1273523	0.003289915	0.07606591	-0.06437921	-0.007769045	-0.08738714	0.001501357	-0.07609366	-0.1377651
UID_8203_8206_sorted	UID_8203_8206_sorted	-0.02393654	0.01298063	0.09168224	0.02809246	-0.02602291	0.07334301	-0.02622053	0.01515761	0.006976508	-0.03551735
UID_8246_8319_sorted	UID_8246_8319_sorted	-0.0910728	-0.03235049	-0.1208112	-0.07138169	-0.001307242	0.001304012	0.038921	-0.03753601	0.01878644	0.07083829
UID_8254_8259_sorted	UID_8254_8259_sorted	0.05840749	0.02188938	-0.02569355	-0.01841406	0.003833705	0.06484207	0.01600812	0.05162514	-0.02538759	0.009363276
UID_8281_8332_sorted	UID_8281_8332_sorted	0.06797143	-0.0176395	0.0110107	-0.03013718	0.03526902	0.03712353	-0.05510965	0.06747669	-0.03155481	0.01871413
UID_8383_8380_sorted	UID_8383_8380_sorted	0.04136344	0.02563682	-0.01259833	-0.01781822	0.01347326	0.01613663	0.05872437	-0.03315328	0.01585131	0.06046081
UID_8429_8725_sorted	UID_8429_8725_sorted	0.03967509	0.02744059	-0.01367611	0.03727771	0.05666928	0.02645521	0.08491533	-0.07490043	0.03550006	0.04683329
UID_8476_8478_sorted	UID_8476_8478_sorted	0.03990928	0.1449964	-0.0291273	0.02409535	-0.07505211	0.0108301	-0.06071969	0.006557978	-0.1183609	-0.1230431
UID_8480_8352_sorted	UID_8480_8352_sorted	-0.01235609	0.009146479	0.1279173	-0.007376511	0.01377362	-0.07376452	-0.1179395	-0.01194997	0.01199608	-0.03322977
UID_8491_8492_sorted	UID_8491_8492_sorted	0.03990928	0.1449964	-0.0291273	0.02409535	-0.07505211	0.0108301	-0.06071969	0.006557978	-0.1183609	-0.1230431
UID_8513_8503_sorted	UID_8513_8503_sorted	0.09928593	-0.03815415	-0.02359399	-0.02343882	0.009683747	0.07609408	-0.08239657	-0.01582783	0.009389589	0.06481138
UID_8536_7837_sorted	UID_8536_7837_sorted	0.1082972	-0.02675452	-0.0186494	-0.09489619	0.0170492	0.0253969	-0.06353672	0.04767251	-0.02711249	-0.02059021
UID_8592_8249_sorted	UID_8592_8249_sorted	0.0493702	0.008320242	-0.06457177	-0.234087	-0.0169225	-0.02890371	-0.05925949	0.1367617	0.04022002	-0.03000949
UID_8606_9166_sorted	UID_8606_9166_sorted	0.0722935	0.03250249	-0.01315716	-0.04871713	-0.02157724	0.04194809	-0.03568704	0.01434627	0.1065733	0.01076475
UID_8621_8609_sorted	UID_8621_8609_sorted	-0.06489802	-0.0144039	0.03816295	0.06033377	-0.01567781	0.006561496	0.04640295	0.08263096	0.02994641	-0.1301574
UID_8649_8640_sorted	UID_8649_8640_sorted	-0.08803298	-0.0252567	-0.05852423	0.1154193	0.04952911	-0.005882957	0.08149129	0.1035642	-0.05777059	-0.1442662
UID_8673_8664_sorted	UID_8673_8664_sorted	0.01401524	0.02145724	-0.009871987	-0.01436661	0.1804179	-0.06655677	-0.04256197	-0.02739858	0.07010863	-0.006332884
UID_8680_8696_sorted	UID_8680_8696_sorted	-0.09573337	-0.01714625	-0.1063719	0.001603962	-0.02391431	0.1071637	-0.08771202	0.1025925	-0.08213024	-0.008704027
UID_8689_8684_sorted	UID_8689_8684_sorted	-0.003096084	-0.002366431	0.01385428	-0.0009831533	0.005647261	0.003813854	0.003735575	-0.00381713	0.007344104	-0.005371391
UID_8694_8697_sorted	UID_8694_8697_sorted	0.01791479	0.02459678	0.03581285	-0.01903195	0.05168215	0.003344551	-0.03717314	-0.00577923	0.06289459	0.01545495
UID_8718_8745_sorted	UID_8718_8745_sorted	-0.010835	0.01853082	0.04673812	-0.03057583	0.08083583	-0.1004053	0.06255145	-0.03722582	-0.05826205	-0.1217229
UID_8740_8749_sorted	UID_8740_8749_sorted	0.0544926	0.09534108	-0.002515504	0.01869283	0.0006329442	0.005471097	0.07371875	0.01898245	0.07758013	0.02730124
UID_8742_8324_sorted	UID_8742_8324_sorted	-0.004641534	0.04699344	0.1262397	-0.07074827	0.02598313	0.1162988	0.00523238	0.001126451	-0.02983481	-0.03113032
UID_8768_8831_sorted	UID_8768_8831_sorted	0.05556565	-0.04826656	0.01061975	0.03200945	0.01417799	-0.02321169	-0.006612762	6.152613e-05	-0.04630647	0.000653379
UID_8770_8763_sorted	UID_8770_8763_sorted	0.009847005	-0.005947336	-0.01637229	-0.007903334	0.003206753	-0.001379689	-0.007054197	-0.005181517	-0.01223674	0.005817306
UID_8818_10180_sorted	UID_8818_10180_sorted	-0.01711507	0.05775594	0.03400096	-0.01764786	0.2479634	-0.03631873	0.0345563	-0.07859871	0.01467802	-0.0006578031
UID_8854_8837_sorted	UID_8854_8837_sorted	0.04695983	0.02358066	-0.02225889	0.07357933	0.01981128	0.01267052	0.09568644	-0.02940308	0.05246983	0.08443409
UID_8863_8857_sorted	UID_8863_8857_sorted	0.09002062	-0.0322836	-0.02056145	-0.05368299	0.03410496	-0.005967085	0.01228842	0.04646325	-0.0727526	-0.03434936
UID_8864_8871_sorted	UID_8864_8871_sorted	0.1420674	-0.1336213	0.000751191	0.1062241	-0.02460068	-0.006970583	0.009643739	-0.031433	-0.009683156	-0.02880441
UID_8878_8876_sorted	UID_8878_8876_sorted	0.1182698	-0.08399452	0.0006257224	0.02723042	-0.04664948	0.05678026	0.07193742	-0.01780197	0.008678515	0.07018762
UID_8896_10188_sorted	UID_8896_10188_sorted	0.1081382	-0.1167274	-0.003959116	0.1006114	-0.00587693	0.01639437	0.04460695	-0.04213395	0.05567084	0.01830412
UID_8918_8385_sorted	UID_8918_8385_sorted	-0.07647217	0.01387393	-0.06060988	0.004471903	-0.02964817	0.0476751	-0.01724285	0.1391521	0.01425147	-0.008352852
UID_8943_8950_sorted	UID_8943_8950_sorted	0.05904036	-0.004940721	0.001310461	0.02257368	0.01443693	0.004680517	0.01652485	-0.02283135	0.03519078	0.05529894
UID_8944_8934_sorted	UID_8944_8934_sorted	0.0816458	-0.06273926	0.01381556	0.06569368	0.01613167	-0.0166185	-0.04485412	0.006301297	-0.1192773	-0.01239643
UID_8945_8023_sorted	UID_8945_8023_sorted	0.06013568	-0.04722619	-0.01016442	0.02625468	0.02491757	-0.02620047	0.007776282	-0.02571283	-0.01625128	0.03883203
UID_8961_8625_sorted	UID_8961_8625_sorted	-0.0786141	-0.01695519	-0.07238368	0.006565902	-0.005071997	0.1114834	0.1107155	0.05083405	-0.05216522	0.0317519
UID_8986_8990_sorted	UID_8986_8990_sorted	-0.06381794	0.01301475	-0.06672509	0.06169592	0.01342135	0.005426067	0.1228228	0.01025348	0.01416396	-0.03276578
UID_9053_9067_sorted	UID_9053_9067_sorted	-0.08891589	-0.03947941	-0.04134112	0.05731259	0.003622576	0.02378577	0.04549293	0.1039309	0.09366039	0.0465109
UID_9054_9063_sorted	UID_9054_9063_sorted	-0.0985538	-0.05455334	-0.06899284	-0.01531875	-0.05148474	0.06311697	-0.02026964	-0.1329238	-0.07630532	-0.02705291
UID_9055_9061_sorted	UID_9055_9061_sorted	-0.1003584	-0.01637682	-0.1136975	-0.0076857	0.01359519	0.06165812	0.1068576	-0.03320054	-0.08675575	0.02384732
UID_9064_9065_sorted	UID_9064_9065_sorted	-0.05112877	-0.01666922	-0.0761194	0.01329338	-0.004674787	-0.1009723	0.003132462	0.0001829999	0.06661085	0.0586683
UID_9069_9070_sorted	UID_9069_9070_sorted	0.05337245	0.09449698	-0.0137298	-0.0004011896	-0.04873334	0.002294569	0.0232926	0.022571	-0.02001536	-0.03261683
UID_9074_9906_sorted	UID_9074_9906_sorted	-0.1087248	-0.06997051	-0.06512447	-0.01006882	-0.03460534	-0.03436892	-0.02435069	-0.1055128	0.05567379	-0.08134984
UID_9145_10012_sorted	UID_9145_10012_sorted	-0.02951624	-0.01578675	0.02266586	-0.02954178	-0.03283846	0.05698648	-0.03058516	-0.09002941	0.0565099	-0.03790558
UID_9184_8816_sorted	UID_9184_8816_sorted	-0.05093002	-0.005019789	0.1375103	-0.04326351	-0.06324669	-0.1590097	-0.04735141	0.03439977	-0.1855739	0.166251
UID_9225_9287_sorted	UID_9225_9287_sorted	-0.08170985	-0.06508807	0.08809371	0.07005809	-0.03716287	-0.01141648	0.0317062	0.1164563	0.1711227	0.03797328
UID_9234_9239_sorted	UID_9234_9239_sorted	0.06464476	0.01919866	-0.03534968	-0.1300253	0.01899465	-0.04512477	-0.03895918	0.1221736	0.0251475	-0.06664139
UID_9237_10013_sorted	UID_9237_10013_sorted	-0.04064654	-0.01763451	-0.07037104	-0.06732974	0.1111626	0.08928692	0.1147092	-0.09747085	-0.04148007	-0.004587296
UID_9240_9241_sorted	UID_9240_9241_sorted	-0.06811419	0.02216031	-0.1076573	0.1028997	0.04171513	-0.01293694	-0.03039078	0.1649335	-0.05251321	-0.03098699
UID_9257_9422_sorted	UID_9257_9422_sorted	-0.06935737	-0.03991053	0.01601074	-0.02208821	-0.0846521	-0.0131789	-0.1294042	-0.09066779	-0.1595717	-0.04494674
UID_9260_9253_sorted	UID_9260_9253_sorted	-0.007407503	0.01002836	0.120013	-0.03695572	-0.04866176	0.05335689	-0.01226012	-0.05591558	0.05236639	-0.1145741
UID_9268_9416_sorted	UID_9268_9416_sorted	-0.03940332	-0.02963225	0.003065597	-0.02004387	-0.02879632	0.05498074	-0.05717309	-0.07798031	0.01299383	0.0176405
UID_9276_9291_sorted	UID_9276_9291_sorted	-0.0560874	-0.06238496	-0.07853483	0.07752143	0.01101323	-0.06263309	0.02983436	0.008677262	0.02284862	-0.01917833
UID_9278_9522_sorted	UID_9278_9522_sorted	0.05599115	-0.01552647	-0.04753769	-0.04794722	0.02157103	0.004846416	-0.01187191	0.02083302	0.03586785	-0.005602433
UID_9280_10283_sorted	UID_9280_10283_sorted	-0.1002158	-0.06447898	-0.1360788	-0.03337565	0.02694592	0.05489327	0.04161182	-0.0223367	-0.06438952	0.03343081
UID_9281_9502_sorted	UID_9281_9502_sorted	-0.08523742	0.001968768	0.05495226	-0.02387111	-0.08933134	-0.004585558	0.004266802	0.08748025	-0.1538327	0.111366
UID_9296_4421_sorted	UID_9296_4421_sorted	-0.06774171	0.003033647	0.05429739	-0.07841261	-0.07934421	-0.01058546	0.08134742	0.02194131	-0.08903178	0.03074194
UID_9304_8601_sorted	UID_9304_8601_sorted	-0.05840001	-0.03219713	0.02454837	-0.03054892	-0.007324124	-0.02507386	-0.146388	-0.04275362	-0.05067144	-0.006406648
UID_9305_9312_sorted	UID_9305_9312_sorted	4.346353e-18	2.957257e-17	-5.190413e-18	-2.613653e-17	-1.611204e-15	-2.291086e-14	-7.240589e-13	-8.233226e-12	-1.860008e-10	-5.419419e-09
UID_9330_9420_sorted	UID_9330_9420_sorted	-0.03360081	-0.003288216	0.1590637	-0.01173014	0.06500542	0.2181679	-0.1237329	-0.03798307	-0.02828468	0.06540781
UID_9340_9341_sorted	UID_9340_9341_sorted	0.1186716	-0.1457205	-0.0191568	0.1092437	0.0006219584	-0.02125455	-0.01546509	-0.0002188476	-0.03298947	-0.002162098
UID_9351_9369_sorted	UID_9351_9369_sorted	0.02440537	0.1371021	-0.03348663	0.11631	-0.03772849	0.03521038	-0.01738906	-0.04303015	0.03520828	-0.008630572
UID_9353_9355_sorted	UID_9353_9355_sorted	0.0006172452	0.07040449	-0.03905106	-0.008326524	-0.06505541	-0.0193093	0.03127813	-0.03648977	0.01790542	0.002675809
UID_9367_9587_sorted	UID_9367_9587_sorted	0.109979	-0.02500085	-0.05137316	-0.1571143	-0.09053103	0.04025094	-0.06454474	0.04762909	0.1002511	0.02441508
UID_9379_9981_sorted	UID_9379_9981_sorted	0.02117017	-0.03560686	-0.02453802	-0.008686464	-0.02466969	0.01265842	-0.004673694	-0.02156312	-0.0114533	-0.008024898
UID_9392_9978_sorted	UID_9392_9978_sorted	0.04597302	0.1525107	-0.03215019	0.01011449	-0.04095458	0.00808442	-0.05935848	-0.04465676	-0.01446916	-0.02465467
UID_9395_9389_sorted	UID_9395_9389_sorted	0.0124193	0.1565667	-0.03301725	0.07623356	-0.0567866	0.04428861	-0.02189293	-0.04274065	0.0399925	0.02009844
UID_9396_9397_sorted	UID_9396_9397_sorted	0.09063304	0.02670528	-0.02603975	-0.141758	-0.009168895	0.009472575	-0.1070386	0.08171247	0.03864712	-0.1049941
UID_9403_9425_sorted	UID_9403_9425_sorted	-0.0930574	-0.03152617	0.0399417	0.0561843	0.01747208	0.0008983855	0.007089548	0.1064757	0.092985	-0.01183978
UID_9404_9413_sorted	UID_9404_9413_sorted	-0.0131519	0.03909019	-0.03566697	0.07497663	0.0831824	0.08522574	0.01589606	0.1153213	-0.08047603	-0.01003899
UID_9417_9406_sorted	UID_9417_9406_sorted	-0.04054363	-0.01085521	0.04202018	-0.007028641	-0.008514834	-0.1453291	0.006454751	0.03961903	-0.06398246	0.1529875
UID_9427_9171_sorted	UID_9427_9171_sorted	-0.07777795	0.0002286964	-0.1197947	0.01633287	-0.02504364	-0.008496919	-0.001503538	-0.05366991	0.04373045	-0.08965812
UID_9429_9439_sorted	UID_9429_9439_sorted	-0.05359338	-0.04486467	0.02653937	0.01081413	0.02479666	-0.03983773	-0.04089855	0.03330317	0.0687791	-0.009643517
UID_9437_9438_sorted	UID_9437_9438_sorted	0.0314685	0.1270019	-0.05483849	0.04821191	-0.1007989	-0.02261128	0.01993581	-0.02766904	-0.05103559	0.03136901
UID_9446_9322_sorted	UID_9446_9322_sorted	0.03873166	0.01851164	-0.003897676	0.01269187	0.1069758	-0.02802151	-0.06951416	-0.03944832	0.03806452	0.04717833
UID_9447_9431_sorted	UID_9447_9431_sorted	-0.03756747	-0.03781189	-0.07874678	-0.08690091	0.004557198	0.01291003	0.007169473	-0.0413053	0.01266898	0.07265842
UID_9448_9449_sorted	UID_9448_9449_sorted	0.04403241	0.1697338	-0.05432163	-0.01907209	-0.08201125	-0.01054872	-0.005659883	-0.02607495	-0.0750319	0.0589497
UID_9451_9426_sorted	UID_9451_9426_sorted	-0.08614303	-0.05944696	-0.1075754	-0.02642316	-0.03851446	-0.04551385	0.02124394	-0.09125289	0.08755669	0.0170098
UID_9475_4418_sorted	UID_9475_4418_sorted	-0.0405653	-0.01230434	0.03072333	-0.01375705	-0.0512649	-0.0320631	0.06019907	0.0513969	-0.08069874	0.06034184
UID_9480_10263_sorted	UID_9480_10263_sorted	0.02936003	-0.04632328	0.01476539	0.02890329	-0.01543184	0.01020641	0.0311485	-4.041192e-05	0.02173537	0.01571789
UID_9489_9481_sorted	UID_9489_9481_sorted	0.08009893	0.003419935	-0.039441	-0.1839395	0.02823716	0.005214459	-0.1013443	0.03415769	0.05042542	-0.08883362
UID_9496_9398_sorted	UID_9496_9398_sorted	0.1209404	-0.08695894	-0.03522798	-0.04019875	-0.01520133	-0.01643926	-0.008247616	0.01995842	-0.02895885	-0.005789893
UID_9500_10123_sorted	UID_9500_10123_sorted	-0.03559224	-0.04430156	0.04474883	-0.002740218	-0.04831939	-0.1976977	-0.03306251	0.03099851	-0.07173575	0.1346339
UID_9521_8460_sorted	UID_9521_8460_sorted	-0.06131222	0.01707931	0.05440717	0.1233773	-0.001732341	0.0501448	0.01412919	0.116388	0.06998847	-0.1131263
UID_9524_9523_sorted	UID_9524_9523_sorted	0.02970736	0.1677007	-0.04348626	0.05314539	-0.06445871	-0.05506829	-0.01504833	-0.06129809	-0.003221533	0.01910036
UID_9537_10197_sorted	UID_9537_10197_sorted	-0.06774902	-0.04882523	0.06743547	0.104566	-0.005929037	-0.06580435	0.02990998	0.07050919	-0.1485408	0.03438259
UID_9540_9544_sorted	UID_9540_9544_sorted	-0.07464505	-0.03139801	0.005006004	0.03519562	-0.008987325	0.05130863	0.04223948	0.07942644	0.1267053	0.02698153
UID_9543_9539_sorted	UID_9543_9539_sorted	0.05532806	0.135867	-0.0263391	0.007303907	-0.08861617	-0.0003541805	-0.05541968	-0.009185651	-0.05045468	0.01706851
UID_9548_9538_sorted	UID_9548_9538_sorted	-0.05601356	-0.06034326	0.01982282	0.04202238	-0.03145583	0.003307697	0.02016704	-0.007773722	0.02855967	-0.13125
UID_9559_9553_sorted	UID_9559_9553_sorted	0.06696363	0.003807295	0.03195129	-0.05905135	0.1673243	-0.122044	-0.04159656	0.05524949	0.04157005	0.009748904
UID_9562_9473_sorted	UID_9562_9473_sorted	-0.0009660783	0.0004978717	-0.08476263	0.02082398	0.0369593	0.1022322	0.004190167	0.1322895	-0.05623926	0.01302583
UID_9563_9466_sorted	UID_9563_9466_sorted	0.05071189	-0.007430769	0.003237332	0.05856274	0.1641789	-0.06299817	-0.02644285	-0.04382658	-0.003380983	0.03903727
UID_9564_9469_sorted	UID_9564_9469_sorted	0.002889023	0.0284522	-0.04347635	0.05108473	0.01742344	0.09111393	-0.03894362	0.1010127	-0.01951804	-0.01828624
UID_9570_9002_sorted	UID_9570_9002_sorted	-0.07416079	-0.05620399	0.007813915	-0.07979243	-0.07026925	-0.05589106	-0.03562953	-0.143038	0.09776996	-0.07422245
UID_9572_10366_sorted	UID_9572_10366_sorted	-0.07359145	-0.03154903	0.03350944	-0.04626682	-0.09084135	-0.04818017	-0.0539597	-0.1000904	-0.04448531	-0.04520948
UID_9577_6214_sorted	UID_9577_6214_sorted	0.03372346	0.1479188	-0.06795863	0.06932304	-0.07022803	0.04495895	-0.01333069	-0.02527007	0.05525376	-0.03997925
UID_9579_9547_sorted	UID_9579_9547_sorted	0.1209339	-0.1237509	-0.01586234	0.0823318	-0.03861725	-0.03408402	-0.06792393	-0.03388601	-0.03582641	0.02234634
UID_9583_10038_sorted	UID_9583_10038_sorted	-0.04513703	-0.03888392	-0.08146568	0.08490009	0.05499122	-0.0110382	-0.05113467	0.04856439	0.03769625	0.0009082319
UID_9592_9357_sorted	UID_9592_9357_sorted	-0.084993	-0.04125032	0.02623158	0.05752168	-0.03115946	0.02673755	0.03831849	0.08572477	0.07400384	0.05532029
UID_9593_9542_sorted	UID_9593_9542_sorted	0.03033118	0.0890793	0.03882038	0.02907966	0.06661217	-0.06162385	0.1360625	-0.01403022	0.074239	0.05135517
UID_9627_9643_sorted	UID_9627_9643_sorted	-0.05488211	0.0003580278	-0.04813316	-0.009494819	-0.05031576	-0.04725443	0.005835809	-0.04159301	0.05904842	0.003927184
UID_9628_9608_sorted	UID_9628_9608_sorted	-0.08658708	-0.06701666	-0.1239217	-0.02102993	-0.01000161	-0.02415539	-0.01783922	-0.07495557	0.0309449	0.05345534
UID_9644_9228_sorted	UID_9644_9228_sorted	-0.07025414	-0.004867009	-0.07349391	-0.01558699	0.02066265	-0.008969736	0.002250988	0.09175386	0.1567711	0.05743541
UID_9662_10178_sorted	UID_9662_10178_sorted	-0.08134568	-0.04732317	0.02376673	-0.01186751	-0.08492589	0.04031666	-0.0546629	-0.09061919	0.02937719	-0.02572562
UID_9747_8635_sorted	UID_9747_8635_sorted	-0.08682639	-0.02731102	-0.1115803	-0.01167748	-0.01502924	0.0492098	0.05786218	-0.03894726	-0.01566124	0.02216638
UID_9748_9728_sorted	UID_9748_9728_sorted	-0.08006398	-0.05526026	-0.07223884	0.02727791	0.009461174	0.004964369	-0.00461106	-0.02748893	0.04035037	-0.04192736
UID_9757_9008_sorted	UID_9757_9008_sorted	0.09957992	-0.03382488	-0.04392202	-0.1918576	0.006127751	-0.005126491	-0.01103259	0.09274657	0.007210175	-0.006471305
UID_9829_9831_sorted	UID_9829_9831_sorted	-0.001404309	-0.0244811	-0.05975614	0.0009726045	0.04187863	0.05233652	0.02465394	0.1030792	-0.005937709	0.0231617
UID_9836_9827_sorted	UID_9836_9827_sorted	-0.01729108	0.02776159	0.01764916	0.04525815	0.1353331	-0.02967856	0.03819882	-0.05208455	-0.02581087	0.0192094
UID_9843_9684_sorted	UID_9843_9684_sorted	0.06974324	0.01756759	-0.05344321	-0.1946912	0.008115953	0.048023	-0.04698982	0.1022169	0.006647655	-0.01426218
UID_9851_9852_sorted	UID_9851_9852_sorted	0.07599871	-0.0243594	-0.05195971	-0.2081864	-0.003302396	0.02782451	0.01083895	0.08783204	-0.08292975	0.02094774
UID_9898_8637_sorted	UID_9898_8637_sorted	-0.08851346	-0.04362577	-0.0564369	0.005007324	-0.01608199	0.005843685	-0.02505386	0.04386676	0.03026113	-0.06585791
UID_9911_9902_sorted	UID_9911_9902_sorted	-0.06638136	-0.03617116	-0.09597402	0.1298147	0.07455536	-0.008713919	-0.07893606	0.1226347	-0.05339671	-0.07570809
UID_9914_9390_sorted	UID_9914_9390_sorted	0.0408005	0.1614713	-0.06877061	0.09931013	-0.0601774	0.0555264	0.007113932	-0.0167091	0.03700703	-0.03785917
UID_9926_4419_sorted	UID_9926_4419_sorted	0.02402046	0.02615417	-0.04510774	-0.06044788	0.1443244	0.0408077	0.1081838	-0.09566714	0.04746182	-0.01429535
UID_9934_10109_sorted	UID_9934_10109_sorted	0.04672602	-0.001970712	0.01199582	-0.03352194	0.07957497	0.01093217	-0.05057773	-0.078247	-0.009708053	0.009175041
UID_9937_9948_sorted	UID_9937_9948_sorted	0.1104162	-0.09598076	0.01155432	0.101896	0.02899882	-0.04127898	-0.03032223	-0.01269208	-0.08219781	-0.05625121
UID_9942_10151_sorted	UID_9942_10151_sorted	0.009159095	0.1692259	-0.05467843	0.1278239	-0.0465365	0.01985975	0.03614591	-0.06735615	0.008284655	-0.001826334
UID_9945_9474_sorted	UID_9945_9474_sorted	0.1241973	-0.1091138	-0.02796895	-0.04939888	-0.05257888	0.06404712	-0.01519518	-0.04115825	0.015627	0.00983659
UID_9952_9490_sorted	UID_9952_9490_sorted	-0.09836466	-0.05534404	-0.09757398	-0.01543663	0.02264664	0.05376404	-0.02216552	-0.07384421	0.03453345	0.1132638
UID_9954_9924_sorted	UID_9954_9924_sorted	0.08642208	-0.01735598	-0.04576059	-0.1395212	-0.01974218	-0.04753151	-0.0621041	0.1174572	-0.05190058	-0.0008509313
UID_9964_10271_sorted	UID_9964_10271_sorted	0.1238898	-0.09319913	-0.02677246	0.108326	-0.04330045	-0.002799262	0.01625793	-0.03711577	-0.02062244	-0.01927012
UID_9979_9976_sorted	UID_9979_9976_sorted	-0.05683633	-0.02571441	-0.1258485	0.05843484	0.08264304	-0.08249774	-0.08458167	0.08788409	0.02896957	-0.03350388
UID_9984_9382_sorted	UID_9984_9382_sorted	0.004656934	0.02878314	0.07018661	-0.001016	0.01838206	-0.04802937	0.02277935	0.03860665	-0.07223497	0.01492115
