FID	IID	U1	U2	U3	U4	U5	U6	U7	U8	U9	U10
cUID_unk_4167_marmot4167_sorted	cUID_unk_4167_marmot4167_sorted	0.001661646	0.02133507	0.09634586	0.02157051	-0.007811484	0.03763082	-0.2341562	-0.00292726	-0.03231463	0.1158819
RMBL_marmot_05-06_sorted	RMBL_marmot_05-06_sorted	-0.1058209	-0.003706172	-0.07136451	-0.03188679	0.004640951	0.05928909	-0.0001469222	-0.0001951362	0.01868565	-0.01890749
RMBL_marmot_no_label_MS125_May2024_sorted	RMBL_marmot_no_label_MS125_May2024_sorted	-0.1029732	-0.003649266	-0.07010412	-0.03130279	0.004689983	0.05799949	-0.0003638941	-0.001276551	0.01784876	-0.01931381
UID_10009_10025_sorted	UID_10009_10025_sorted	0.06553808	-0.1511389	-0.03947935	0.1078239	0.004940118	-0.01030892	-0.0213854	0.0150279	0.01095638	-0.03788546
UID_10010_10019_sorted	UID_10010_10019_sorted	-0.06363532	0.008213373	0.001335289	-0.00673964	-0.01511702	0.06718544	0.01300636	-0.04258523	0.05261344	0.003148562
UID_10021_10134_sorted	UID_10021_10134_sorted	-0.00393867	0.04384504	-0.07485012	0.01000124	-0.005219299	0.01253708	-0.001546186	-0.02050632	-0.02581882	0.02541107
UID_10041_9876_sorted	UID_10041_9876_sorted	-0.07464916	0.01395642	0.01927137	0.004648035	0.02250102	-0.1907002	0.0137839	0.02756609	-0.01850344	0.0106993
UID_10048_10061_sorted	UID_10048_10061_sorted	-0.07483156	0.006420652	0.02103297	0.02418596	-0.00613207	-0.04243338	0.01249718	-0.05920279	0.01805631	-0.006247322
UID_10052_10034_sorted	UID_10052_10034_sorted	-0.0638809	0.005059192	0.01265222	0.01044772	-0.001742379	-0.04055804	-0.005469119	-0.04605842	0.007372559	0.01069907
UID_10054_10194_sorted	UID_10054_10194_sorted	0.06747694	-0.1427213	-0.03674539	0.09935122	0.004567778	-0.01496108	-0.01985362	0.02630156	0.01446685	-0.0282907
UID_10056_10055_sorted	UID_10056_10055_sorted	-0.08102462	-0.009213685	-0.06921822	-0.03070121	0.01319911	0.03896519	-0.002098098	0.02037765	0.0169007	0.03975709
UID_10067_10185_sorted	UID_10067_10185_sorted	0.05806114	0.05142946	0.07805138	-0.0536194	0.2349755	0.03373906	0.04184584	0.02780132	0.06711811	-0.001852239
UID_10070_10071_sorted	UID_10070_10071_sorted	-0.1010871	-0.008162029	-0.08019358	-0.04274867	0.01372088	0.05766144	-0.01055334	0.036984	-0.008907525	0.009772064
UID_10073_10028_sorted	UID_10073_10028_sorted	0.07064376	0.003468658	0.03028628	-0.1853603	-0.08423795	-0.01838824	0.006395583	-0.01161514	-0.07894948	-0.1267391
UID_10083_10001_sorted	UID_10083_10001_sorted	-0.009662081	0.03010723	0.1553897	0.09306696	-0.1031697	0.05386883	0.169226	0.06499398	-0.06677247	0.0179396
UID_10089_10098_sorted	UID_10089_10098_sorted	0.07436297	-0.02019178	0.03557691	-0.03175826	0.2232309	0.03617461	0.07734407	-0.03281569	0.04543986	-0.02498479
UID_10095_10094_sorted	UID_10095_10094_sorted	0.054289	-0.07085305	-0.04718371	0.05179347	-0.007260934	-0.00466575	-0.01295976	-0.003854033	-0.007120461	-0.01049754
UID_10100_10005_sorted	UID_10100_10005_sorted	0.08704497	0.132156	-0.1020844	0.0486186	-0.01497793	-0.01525275	0.006060592	-0.05974748	-0.06533995	0.07368903
UID_10106_4466_sorted	UID_10106_4466_sorted	0.07137318	0.1014655	-0.08381121	0.04303989	-0.01314518	-0.01045827	0.01267352	-0.04573989	-0.0419457	0.07044749
UID_10112_6205_sorted	UID_10112_6205_sorted	-0.09695823	-0.00377461	-0.07955912	-0.05152912	0.01579678	0.05793641	-0.02397977	0.04258657	0.01048492	0.05915803
UID_10145_10372_sorted	UID_10145_10372_sorted	-0.06210016	0.009932313	0.01074686	0.002304936	0.003947185	-0.005793569	-0.03467494	-0.05723202	0.03052763	0.01666092
UID_10146_10130_sorted	UID_10146_10130_sorted	0.07197032	-0.01083794	0.03132715	-0.1775339	-0.08158311	-0.02129659	-0.00436528	-0.003072792	-0.07381584	-0.1469738
UID_10147_10132_sorted	UID_10147_10132_sorted	0.06303274	-0.1519706	-0.04465225	0.09087376	0.005161046	-0.01164184	-0.01361598	0.0141861	0.004203174	-0.01078691
UID_10148_9348_sorted	UID_10148_9348_sorted	-0.07034828	0.004802388	0.004506182	0.002416112	0.0285212	-0.1681132	0.01834439	0.02877874	-0.01184841	0.01173758
UID_10150_9248_sorted	UID_10150_9248_sorted	0.0491263	0.0412791	0.09097228	-0.05046843	0.1809894	0.03312564	-0.004047226	0.09555643	0.08887589	-0.002618926
UID_10155_10111_sorted	UID_10155_10111_sorted	0.06233256	0.05376918	0.07441988	-0.0519406	0.2495368	0.03979685	0.05360368	0.02949364	0.0708803	-0.006849578
UID_10159_10161_sorted	UID_10159_10161_sorted	0.06687193	-0.1312615	-0.02949997	-0.00682081	-0.03221089	-0.01469247	0.01381561	0.001293942	0.006366222	0.04211195
UID_10165_10102_sorted	UID_10165_10102_sorted	0.06675766	-0.0003233164	0.01652789	-0.1505471	-0.07064086	-0.02032799	0.002382551	-0.01365937	-0.06946439	-0.1010622
UID_10166_10168_sorted	UID_10166_10168_sorted	0.03214687	-0.07580831	-0.02724737	0.04586623	-0.0006232222	-0.005442211	-0.009538687	0.01930124	0.009814956	-0.01343278
UID_10172_10167_sorted	UID_10172_10167_sorted	0.06967093	-0.1210416	-0.03321882	-0.01401377	-0.04841399	-0.02452475	0.008756446	-0.005645584	0.02305576	0.031186
UID_10175_10121_sorted	UID_10175_10121_sorted	0.06013059	-0.1415348	-0.04447596	0.09375433	-0.003715417	-0.006672024	-0.0125473	0.01929072	0.002675831	-0.001389307
UID_10176_10035_sorted	UID_10176_10035_sorted	-0.06734367	0.009098794	0.01432483	0.003851784	0.02003414	-0.1788519	0.02768076	0.03629373	-0.0234163	-0.006566503
UID_10181_10436_sorted	UID_10181_10436_sorted	-0.07188286	0.01036172	0.01646224	0.005602203	0.0334019	-0.2087602	0.01674675	0.04773189	-0.03022047	0.004855864
UID_10187_9267_sorted	UID_10187_9267_sorted	-0.03301101	-0.02646918	-0.001702029	0.02675825	-0.00387307	-0.01965841	-0.0095069	-0.03341527	0.009166919	0.007145307
UID_10189_10179_sorted	UID_10189_10179_sorted	-0.06370044	0.001260765	0.03655766	0.0376622	-0.03642181	0.03672934	0.07082293	-0.1095941	0.04580497	-0.0219429
UID_10200_10928_sorted	UID_10200_10928_sorted	0.08791401	0.1384434	-0.1022602	0.05165032	-0.005044899	-0.01218627	0.005800396	-0.05749445	-0.07815289	0.05530649
UID_10212_10207_sorted	UID_10212_10207_sorted	-0.06229584	0.0074121	0.02585912	0.02228598	-0.008490993	-0.009381536	-0.005658641	-0.08228322	0.02243137	-0.01729201
UID_10215_9310_sorted	UID_10215_9310_sorted	0.01969094	-0.09033793	-0.02230256	0.06080783	-0.007314743	0.001952162	0.006603038	-0.01450964	0.01105783	0.0006604242
UID_10218_10220_sorted	UID_10218_10220_sorted	0.08214217	0.1246869	-0.0991027	0.04748215	0.005256524	-0.007901134	0.01381059	-0.06944126	-0.05359371	0.06397723
UID_10221_10219_sorted	UID_10221_10219_sorted	-0.07366213	0.006330899	0.02757746	0.02173079	-0.006762384	-0.04052557	-0.004891376	-0.07066125	0.0161972	0.005364769
UID_10222_10214_sorted	UID_10222_10214_sorted	-0.02835845	-0.01234867	-0.04097355	-0.03954672	0.006159148	0.04260392	-0.004997654	0.05201301	-0.008854659	0.1432571
UID_10225_10242_sorted	UID_10225_10242_sorted	-0.0481603	0.01145598	0.01176352	-0.007627459	-0.009658312	0.0519175	-0.002769606	-0.05810058	0.04316013	-0.001720755
UID_10235_10085_sorted	UID_10235_10085_sorted	0.07103427	0.05867725	-0.08811571	0.05644862	-0.01343357	-0.007837239	0.003864411	-0.04418267	-0.0450413	0.05159901
UID_10243_10245_sorted	UID_10243_10245_sorted	-0.05487681	0.007788282	0.01269651	0.003526717	0.0005818198	0.01586625	-0.02518457	-0.05790195	0.03106668	0.0004056416
UID_10248_10247_sorted	UID_10248_10247_sorted	0.005865797	0.0322178	0.1657387	0.0865665	-0.1078727	0.08817175	0.1982184	0.1623046	-0.08972365	0.08408688
UID_10249_10250_sorted	UID_10249_10250_sorted	0.06144716	0.01128743	-0.0008503491	-0.007131138	0.1417644	0.01848166	0.04314901	-0.02511949	0.02222977	-0.00274939
UID_10252_10295_sorted	UID_10252_10295_sorted	-0.06788321	-0.001464439	0.02447404	0.03062696	-0.02585517	0.02962215	0.06797445	-0.08987199	0.03858188	-0.01808961
UID_10254_10256_sorted	UID_10254_10256_sorted	0.08289249	-0.007011227	0.005700826	-0.1819002	-0.04133346	-0.02012879	0.04533592	-0.1080452	-0.06146253	0.05194383
UID_10260_10255_sorted	UID_10260_10255_sorted	0.04198725	-0.01725209	-0.005044712	-0.07769028	-0.01480706	-0.01085577	0.02350797	-0.06185363	-0.04310005	0.02927991
UID_10261_10262_sorted	UID_10261_10262_sorted	0.07362092	-0.004593915	-0.006816555	-0.1517221	-0.04437613	-0.0177705	0.04147057	-0.09049969	-0.05290105	0.03758251
UID_10266_10265_sorted	UID_10266_10265_sorted	0.086191	0.1286072	-0.08563445	0.03498843	-0.01958257	-0.01628911	0.004656486	-0.008941462	0.03806	0.004672462
UID_10276_10092_sorted	UID_10276_10092_sorted	-0.04913254	0.005989556	0.0121368	0.003632492	-0.0164887	0.04787263	0.001194687	-0.04923905	0.04081269	-0.009037715
UID_10279_10282_sorted	UID_10279_10282_sorted	0.07665258	-0.0149136	0.02651686	-0.0190069	0.2263972	0.03662356	0.070868	-0.02310845	0.04843277	-0.01305109
UID_10287_10267_sorted	UID_10287_10267_sorted	0.06089013	-0.1458775	-0.04756739	0.09008082	-0.004934511	-0.009414715	-0.007310413	0.000470188	-0.003225376	-0.00202252
UID_10292_10398_sorted	UID_10292_10398_sorted	0.06481376	-0.1614105	-0.05087228	0.1126087	0.01788894	-0.001911177	-0.0034829	0.008718771	-0.01614887	-0.001504583
UID_10293_10289_sorted	UID_10293_10289_sorted	0.01110091	0.01339611	0.1105418	0.07251833	-0.08762125	0.07635235	0.1461289	0.1479792	-0.07323061	0.07937672
UID_10300_10286_sorted	UID_10300_10286_sorted	0.008521126	-0.03392972	-0.01354088	0.02240054	0.001500846	-0.001622889	-0.002674141	-0.0032873	0.001015871	0.0004297974
UID_10304_10333_sorted	UID_10304_10333_sorted	-0.03367209	0.0188283	-0.039375	-0.04228853	0.01720342	0.05821691	-0.0382742	0.09822353	-0.1483591	-0.2419926
UID_10318_9454_sorted	UID_10318_9454_sorted	-0.04125389	0.00972942	0.02696572	0.02208769	-0.03687926	0.05501628	0.07427035	0.05578674	-0.0312842	0.03449279
UID_10327_10348_sorted	UID_10327_10348_sorted	-0.04625937	0.002029678	0.0003046932	0.004474428	0.01782268	-0.09951841	0.009363266	0.01904797	-0.01264295	0.00685987
UID_10332_10412_sorted	UID_10332_10412_sorted	-0.05139482	0.01173085	0.04213377	0.02847487	-0.05115544	0.08432913	0.1128307	0.08710498	-0.03501282	0.0633095
UID_10337_10361_sorted	UID_10337_10361_sorted	0.07911297	0.1190605	-0.1067768	0.0360422	0.001543436	-0.01141927	0.02451148	-0.07364916	-0.1337438	0.01032106
UID_10339_10402_sorted	UID_10339_10402_sorted	-0.03221561	0.01740283	-0.03500524	-0.04073227	0.01512474	0.05775314	-0.05021811	0.1024863	-0.1562889	-0.2248671
UID_10341_10403_sorted	UID_10341_10403_sorted	-0.05390122	0.01471954	0.04597332	0.02988889	-0.05658843	0.08371314	0.1091658	0.09876042	-0.04680598	0.05968983
UID_10343_10345_sorted	UID_10343_10345_sorted	-0.07575732	0.008674274	0.00313507	-0.003364461	0.0356744	-0.2094667	0.01617463	0.06858662	-0.02752322	0.01613547
UID_10354_10305_sorted	UID_10354_10305_sorted	-0.03241624	0.01398755	-0.03253419	-0.04047232	0.02106428	0.06331127	-0.05423869	0.1167458	-0.1632214	-0.2429239
UID_10357_10359_sorted	UID_10357_10359_sorted	-0.05532632	0.006568866	0.002507858	-0.005717206	0.003262969	0.009771394	-0.02156612	-0.04566437	0.02904462	0.01064838
UID_10363_10311_sorted	UID_10363_10311_sorted	0.07642409	0.1140905	-0.106069	0.04060289	-0.000801975	-0.007928556	0.02422495	-0.08566678	-0.154807	0.03185118
UID_10369_10008_sorted	UID_10369_10008_sorted	0.06682274	-0.1586541	-0.0494777	0.1004658	0.02631633	-0.002290917	-0.0005410114	-0.001204283	-0.02644728	-0.01715884
UID_10371_10389_sorted	UID_10371_10389_sorted	0.06335629	-0.1596182	-0.04921067	0.09706879	0.005699536	-0.002334805	-0.00592117	0.007602757	-0.02499553	0.008884511
UID_10382_10273_sorted	UID_10382_10273_sorted	-0.0762891	0.01186531	0.004989275	-0.007530204	0.03004886	-0.1878404	0.01311985	0.06340111	-0.02852034	0.009813936
UID_10386_10383_sorted	UID_10386_10383_sorted	-0.1071804	-0.00913701	-0.07925596	-0.03676654	0.01251685	0.0539305	-0.02592056	0.03130564	-0.0001942446	0.01462075
UID_10388_10375_sorted	UID_10388_10375_sorted	0.06321714	-0.1617506	-0.0520703	0.1089595	0.01677445	-0.002711777	-0.01089156	0.000804952	-0.01926352	-0.006372086
UID_10407_10302_sorted	UID_10407_10302_sorted	-0.05125691	0.003084002	0.002308704	0.002799794	0.01871412	-0.1172108	0.00645769	0.03632803	-0.02102459	0.001004307
UID_10409_10353_sorted	UID_10409_10353_sorted	0.0926127	0.1314115	-0.1161554	0.03295948	-0.001318963	-0.00879158	0.02652826	-0.06567294	-0.1323913	-0.003739124
UID_10416_10422_sorted	UID_10416_10422_sorted	-0.06956021	0.002061719	0.002702757	0.005244774	0.02469543	-0.1581155	0.01923538	0.02493257	-0.0125369	0.007646737
UID_10418_10051_sorted	UID_10418_10051_sorted	-0.07649322	0.007996134	0.01672321	0.003825304	0.02495011	-0.1978063	0.03241008	0.0351546	-0.01673985	-0.01370201
UID_10421_4461_sorted	UID_10421_4461_sorted	-0.07674227	0.007825869	0.01992922	0.005713117	0.02118806	-0.1832668	0.02545125	0.01949893	-0.0151926	0.004596082
UID_10437_10428_sorted	UID_10437_10428_sorted	-0.03105192	0.01929503	-0.02645806	-0.02985914	0.01276706	0.05577147	-0.05052203	0.08624303	-0.1601109	-0.224807
UID_19_46_sorted	UID_19_46_sorted	-0.003399414	0.02622423	0.09854028	0.01347618	-0.005204576	0.05575951	-0.2587149	0.03099327	-0.02728549	0.08538176
UID_2686_2690_sorted	UID_2686_2690_sorted	-0.0009929315	0.01448835	0.08835973	0.04627008	-0.03185811	0.00496979	-0.04813752	-0.01331348	-0.02484803	0.05391461
UID_2793_2821_sorted	UID_2793_2821_sorted	0.01954917	0.02761962	0.1302827	0.0359742	-0.01045194	0.003902503	-0.1763011	0.000233214	-0.0439348	0.07892418
UID_2805_2809_sorted	UID_2805_2809_sorted	0.01838134	0.02621995	0.1379283	0.04040536	-0.01865909	0.000383224	-0.1901708	-0.006765697	-0.03754813	0.08735483
UID_2822_2876_sorted	UID_2822_2876_sorted	0.01505144	0.03097785	0.1251772	0.02429766	0.004198504	0.01739516	-0.2474594	-0.02898952	-0.03159748	0.09159385
UID_3166_3174_sorted	UID_3166_3174_sorted	0.006414265	0.02863483	0.1250304	0.02527714	-0.0103944	0.04539377	-0.2876983	0.003674711	-0.04145273	0.1422575
UID_37_247_sorted	UID_37_247_sorted	0.01743424	0.02573418	0.1191924	0.026087	-0.01080744	0.0197995	-0.1697479	0.007186711	-0.03256186	0.05635088
UID_4052_4051_sorted	UID_4052_4051_sorted	0.0310935	0.01831629	0.07556301	-0.006035987	0.00382019	0.008576125	-0.09811573	0.06725898	-0.01108632	-0.004402639
UID_4229_4217_sorted	UID_4229_4217_sorted	-0.01397226	0.02041888	0.08268626	0.03148849	-0.03185928	0.01051814	0.02158222	-0.07372825	0.04356766	-0.1172101
UID_4384_noear_sorted	UID_4384_noear_sorted	0.03175006	0.01950761	0.0760808	-0.01613573	0.00636444	0.008940348	-0.09926037	0.08228242	-0.01216163	-0.004658545
UID_4405_10284_sorted	UID_4405_10284_sorted	-0.07115289	0.00396516	0.02703195	0.02875284	-0.02085037	0.02973822	0.07920158	-0.09140333	0.0518344	-0.01440611
UID_4414_9552_sorted	UID_4414_9552_sorted	0.007809718	0.03214165	0.1640662	0.08903521	-0.1142262	0.1015368	0.1882655	0.1978283	-0.09811962	0.09701133
UID_4463_6212_sorted	UID_4463_6212_sorted	0.05792485	0.04721752	0.08572733	-0.05463497	0.2361373	0.04529589	0.02100554	0.05387147	0.07830423	0.01044192
UID_4508_4512_sorted	UID_4508_4512_sorted	-0.03489595	0.01680829	0.030575	-0.00370309	0.01066098	0.04218666	-0.1480876	0.02230149	-0.004181808	0.0409161
UID_4692_4681_sorted	UID_4692_4681_sorted	-0.01496021	0.0225135	0.07659064	0.02755571	-0.02577958	-0.01061732	0.01468818	-0.06714037	0.02654763	-0.1099962
UID_48_47_sorted	UID_48_47_sorted	0.008957202	0.02799822	0.1038133	0.01281507	0.006412871	0.0415614	-0.236721	0.01215377	-0.02448798	0.07044946
UID_4901_5896_sorted	UID_4901_5896_sorted	0.02154433	0.005861947	0.1113583	0.04640478	-0.01384027	0.01628988	-0.1398889	-0.07263414	-0.003922359	-0.01331164
UID_5263_5249_sorted	UID_5263_5249_sorted	0.03684609	0.03494265	0.07398107	-0.01768732	0.01385421	-0.003069506	-0.07661829	0.05946786	0.01649731	-0.006932221
UID_5285_5088_sorted	UID_5285_5088_sorted	0.01688747	0.03010305	0.0267543	0.02384315	-0.01322716	0.001789051	-0.09693808	0.009574943	0.03232904	0.01754221
UID_5501_5503_sorted	UID_5501_5503_sorted	0.02442989	0.02738604	0.09202041	0.006589577	-0.0001126099	0.03684552	-0.195431	0.02830732	-0.03917651	0.08187342
UID_5540_5546_sorted	UID_5540_5546_sorted	-0.0267291	0.01453083	0.1116797	0.07339441	-0.05059855	0.01006718	0.004119216	-0.1593469	0.02247341	-0.08823662
UID_6687_6677_sorted	UID_6687_6677_sorted	0.07251623	-0.1360612	-0.05033571	0.0141118	-0.02627019	-0.009579209	0.01481314	0.004069405	-0.01880414	0.1007491
UID_6779_6729_sorted	UID_6779_6729_sorted	-0.02326205	0.01607922	0.1096931	0.07178836	-0.05218642	0.01063563	0.001010553	-0.1785544	0.02732369	-0.1064404
UID_6794_6799_sorted	UID_6794_6799_sorted	-0.03141739	0.008982769	0.09329402	0.06086251	-0.04612445	0.005790074	0.01020966	-0.1485401	0.02896368	-0.09928716
UID_6835_6898_sorted	UID_6835_6898_sorted	-0.01136269	0.009859264	0.0694163	0.02734869	0.005420129	-0.06165327	-0.08047734	-0.04139726	-0.003416825	0.01329465
UID_7131_7126_sorted	UID_7131_7126_sorted	-0.05198955	0.008916609	0.0291977	0.01306719	-0.01310466	0.04723927	-0.08435979	-0.04256505	0.01220329	-0.01202503
UID_7289_6695_sorted	UID_7289_6695_sorted	-0.01561039	0.0143322	0.1167385	0.0582426	-0.0489352	0.01983009	-0.02903794	-0.1676103	0.02317825	-0.08766937
UID_7365_7368_sorted	UID_7365_7368_sorted	-0.02970206	0.01434518	0.0695162	0.03050506	-0.0245254	0.05058683	-0.08777667	-0.1006364	0.02164672	-0.05186272
UID_7407_7412_sorted	UID_7407_7412_sorted	0.02923902	0.03128493	0.08554133	0.0117951	-0.02898836	0.0170067	-0.004169837	0.05920388	0.02522381	-0.009106415
UID_7559_7225_sorted	UID_7559_7225_sorted	-0.01806194	0.01506951	0.121085	0.06754614	-0.0461316	0.01972571	-0.0165654	-0.1868484	0.04212802	-0.05760415
UID_7565_7355_sorted	UID_7565_7355_sorted	-0.02786976	0.00776643	0.09138489	0.05202392	-0.04615287	0.03025071	-0.01472974	-0.1485858	0.03636465	-0.1128971
UID_7635_7645_sorted	UID_7635_7645_sorted	0.01673102	0.02962601	0.1320161	0.04934886	-0.0830448	0.1012435	0.1570425	0.1879959	-0.05188337	0.09733453
UID_7698_7699_sorted	UID_7698_7699_sorted	0.03365757	0.0640979	-0.02842479	0.04435802	-0.03870178	-0.007954416	-0.01654885	0.03484424	0.1211385	-0.04320483
UID_7712_7379_sorted	UID_7712_7379_sorted	0.07447144	0.06041825	0.06590032	-0.06429109	0.3279527	0.05471033	0.09687493	-0.03585245	0.06040687	0.0184323
UID_7733_7734_sorted	UID_7733_7734_sorted	0.07921867	0.1163606	-0.05188186	0.04904449	-0.07648881	-0.02327165	-0.034827	0.1209157	0.234899	-0.05818818
UID_8080_9845_sorted	UID_8080_9845_sorted	0.05754075	0.009263267	-0.047001	0.006978403	-0.02342982	-0.01220123	0.003553011	-9.458279e-05	0.03614523	-0.02264046
UID_8089_8088_sorted	UID_8089_8088_sorted	0.08083223	0.1225845	-0.05818678	0.05547098	-0.07723235	-0.02095748	-0.04454722	0.122008	0.2439408	-0.05559134
UID_8203_8206_sorted	UID_8203_8206_sorted	-0.0015138	0.02698826	0.1152419	0.05065971	-0.05588103	0.02150223	0.08261427	-0.0137001	0.01026967	-0.03053996
UID_8246_8319_sorted	UID_8246_8319_sorted	-0.09796144	-0.00896939	-0.07414598	-0.03243448	0.00847186	0.04772675	-0.01475158	0.01971889	0.003213287	-0.006104293
UID_8254_8259_sorted	UID_8254_8259_sorted	0.04333417	-0.02210251	-0.004779785	-0.03858105	-0.006537071	0.01573557	-0.001190443	0.06206396	-0.03320118	0.1605962
UID_8281_8332_sorted	UID_8281_8332_sorted	0.05740631	-0.02020502	0.02661248	-0.04365168	-0.009192556	-0.002340676	-0.01276358	0.05072752	0.04050807	0.0210873
UID_8383_8380_sorted	UID_8383_8380_sorted	0.05033378	0.01914718	0.008330389	-0.02823218	-0.002902814	-0.002334132	-0.01802641	0.02796622	-0.1290437	-0.1211997
UID_8429_8725_sorted	UID_8429_8725_sorted	0.03254896	-0.00613597	-0.0004145684	-0.00386949	0.007860496	0.006759188	-0.01057501	0.02715195	-0.08116633	-0.1111327
UID_8476_8478_sorted	UID_8476_8478_sorted	0.0838067	0.1331332	-0.07527302	0.05492541	-0.1153232	-0.0270063	-0.03690775	0.1614266	0.3122952	-0.1061843
UID_8480_8352_sorted	UID_8480_8352_sorted	-0.02403299	0.02067007	0.1214599	0.06950841	-0.03114242	-0.07055886	0.004061818	-0.1407468	0.02320157	-0.03269935
UID_8491_8492_sorted	UID_8491_8492_sorted	0.09159721	0.1451783	-0.07814178	0.05840946	-0.1235226	-0.02929383	-0.0400267	0.1711831	0.3325027	-0.1121403
UID_8513_8503_sorted	UID_8513_8503_sorted	0.07170517	-0.0802833	-0.009928553	-0.02927307	-0.01081298	-0.007113803	0.01083994	0.02436237	0.04687631	0.04108886
UID_8536_7837_sorted	UID_8536_7837_sorted	0.08184797	-0.08355074	-0.0001617008	-0.1151057	-0.05888531	-0.02094992	0.01571341	0.003392598	0.04674271	0.05608415
UID_8592_8249_sorted	UID_8592_8249_sorted	0.0746427	-0.01215016	0.0671971	-0.2925742	-0.14853	-0.03561223	0.02282076	-0.01346634	0.07972418	-0.006431139
UID_8606_9166_sorted	UID_8606_9166_sorted	0.06938562	0.01514135	-0.02607163	-0.04839124	0.04359199	-0.003331255	0.04329067	-0.121509	-0.1234387	0.1161208
UID_8621_8609_sorted	UID_8621_8609_sorted	-0.06046013	0.003730751	0.02712128	0.03676955	-0.03364967	0.0383282	0.07619079	-0.09301854	0.0472492	-0.03434369
UID_8649_8640_sorted	UID_8649_8640_sorted	-0.09451716	-0.004790229	-0.05486787	-0.01908777	0.01072128	0.03212136	0.005109019	-0.0120969	0.01559859	0.006568039
UID_8673_8664_sorted	UID_8673_8664_sorted	0.05193521	0.04171033	0.06151489	-0.04122533	0.1798282	0.03284984	0.04650635	0.009168375	0.0375955	-0.002047744
UID_8680_8696_sorted	UID_8680_8696_sorted	-0.09772798	-0.005813712	-0.07461018	-0.04462775	0.01023672	0.06155759	-0.02471454	0.04274935	0.01718351	0.07386964
UID_8689_8684_sorted	UID_8689_8684_sorted	-0.003054077	-0.0006330949	0.002746767	0.003776408	-0.002945205	0.001050347	0.004990225	-0.005867989	0.00245982	-0.00132866
UID_8694_8697_sorted	UID_8694_8697_sorted	0.01937558	-0.000944807	0.04792101	0.02227013	0.07111876	0.02601689	0.0563717	-0.06836493	0.03940079	-0.03150247
UID_8718_8745_sorted	UID_8718_8745_sorted	0.04039148	0.02833631	0.08033977	-0.02544773	0.06531199	0.01275934	-0.06100683	0.08684304	0.05115573	0.01417211
UID_8740_8749_sorted	UID_8740_8749_sorted	0.07453876	0.04480165	-0.021157	-0.04210677	0.06787768	0.008610638	0.03786234	-0.09168825	-0.1645665	0.04341061
UID_8742_8324_sorted	UID_8742_8324_sorted	0.02616152	0.03256153	0.1320111	0.04327571	-0.06344019	0.06547433	0.1057012	0.1908111	-0.09224496	0.05932721
UID_8768_8831_sorted	UID_8768_8831_sorted	0.04919877	-0.09899162	-0.0246178	0.02708904	-0.01239371	-0.009465098	-0.007607592	0.003268511	0.01843302	-0.02167322
UID_8770_8763_sorted	UID_8770_8763_sorted	0.007023442	-0.03990575	-0.04218543	0.02219674	-0.0009422704	0.006179082	-0.008278951	-0.009205756	0.001130972	-0.001191811
UID_8818_10180_sorted	UID_8818_10180_sorted	0.04737153	0.04350518	0.08603936	-0.04899763	0.1889471	0.04023807	0.01220234	0.07929535	0.07072123	-0.01746719
UID_8854_8837_sorted	UID_8854_8837_sorted	0.04431709	0.0214857	0.006661784	-0.03567946	-0.003651277	-0.007840633	-0.01958288	0.02759064	-0.1199797	-0.123478
UID_8863_8857_sorted	UID_8863_8857_sorted	0.07221572	-0.09982041	0.001682366	-0.06748899	-0.03592587	-0.006808074	-0.00359523	-0.02378753	0.0215668	-0.03780319
UID_8864_8871_sorted	UID_8864_8871_sorted	0.06512035	-0.1685056	-0.05682126	0.1170499	0.01110591	-0.01296107	-0.003518531	0.006814254	-0.007132905	0.001885094
UID_8878_8876_sorted	UID_8878_8876_sorted	0.06590703	-0.1427078	-0.03903572	0.07098658	0.01135133	0.006329623	-0.008497506	-0.003039077	-0.02499415	-0.008470233
UID_8896_10188_sorted	UID_8896_10188_sorted	0.05984614	-0.1448323	-0.0466551	0.08517626	0.01221725	-0.003393335	-0.00587523	0.0005838577	-0.02109398	-0.009484499
UID_8918_8385_sorted	UID_8918_8385_sorted	-0.08639677	-0.0008164166	-0.04607994	-0.0285478	0.001741394	0.05795523	-0.03536361	0.01745652	0.007858962	0.04687872
UID_8943_8950_sorted	UID_8943_8950_sorted	0.0382065	-0.05657225	-0.01224735	0.02018792	0.003493087	0.001828581	0.002208764	-0.01127614	-0.02839768	0.002542539
UID_8944_8934_sorted	UID_8944_8934_sorted	0.06529647	-0.1030191	-0.01040865	0.05851823	0.00238792	-0.005582013	-0.02739387	0.04037076	0.03745152	-0.05334596
UID_8945_8023_sorted	UID_8945_8023_sorted	0.04540621	-0.08513131	-0.01554339	0.03176103	0.005158654	-0.001338693	-0.009831788	0.007693577	0.0030431	-0.01670534
UID_8961_8625_sorted	UID_8961_8625_sorted	-0.1009169	-0.004479889	-0.06626522	-0.03340365	0.01196699	0.02909	-0.01895349	0.04047108	-0.008628362	0.001155372
UID_8986_8990_sorted	UID_8986_8990_sorted	-0.08688933	-0.003409633	-0.05929419	-0.02881102	0.006866304	0.05077305	-0.01819893	0.01119064	0.009797111	0.004525963
UID_9053_9067_sorted	UID_9053_9067_sorted	-0.07365755	-0.007435305	-0.04434895	-0.01393132	0.004412276	0.02659526	0.00774848	-0.005251892	0.01158765	-0.008582213
UID_9054_9063_sorted	UID_9054_9063_sorted	-0.1057523	-0.004887628	-0.06125358	-0.02395658	0.004642047	0.0510448	-0.01042431	0.0007949208	0.01087973	0.01918311
UID_9055_9061_sorted	UID_9055_9061_sorted	-0.1013807	-0.004938336	-0.0717803	-0.03354942	0.01273491	0.05661371	-0.0272187	0.03933733	-0.03450525	-0.05711211
UID_9064_9065_sorted	UID_9064_9065_sorted	-0.105903	-0.0026019	-0.06901869	-0.03634019	0.0157183	0.02243688	-0.007237366	0.01112658	0.02279031	0.02662642
UID_9069_9070_sorted	UID_9069_9070_sorted	0.07064782	0.0782916	-0.0430563	0.01150733	-0.07413214	-0.01077721	-0.01583545	0.09610108	0.09246652	-0.1057889
UID_9074_9906_sorted	UID_9074_9906_sorted	-0.1059449	-0.006051977	-0.06737218	-0.0319585	0.00885859	0.06043747	-0.008028295	-0.006254879	0.03155251	0.02423811
UID_9145_10012_sorted	UID_9145_10012_sorted	-0.02877588	-0.001430453	0.004225519	0.01129405	-0.008891304	0.02082602	0.003761092	-0.03229122	0.01027697	-0.006688059
UID_9184_8816_sorted	UID_9184_8816_sorted	-0.04598184	0.02604823	0.09561626	0.03450644	0.04091066	-0.3930622	0.03919098	0.06323197	-0.04608732	0.008922943
UID_9225_9287_sorted	UID_9225_9287_sorted	-0.06833048	0.002509702	0.0330401	0.03931955	-0.03742924	0.03884132	0.08562411	-0.09217486	0.04764212	-0.03567168
UID_9234_9239_sorted	UID_9234_9239_sorted	0.07670311	-0.04915217	0.03984992	-0.2133997	-0.1069226	-0.02551138	0.012696	-0.02693117	0.06067445	-0.02064886
UID_9237_10013_sorted	UID_9237_10013_sorted	-0.0320161	0.01431364	-0.03092905	-0.02958396	0.01471051	0.05328983	-0.04595426	0.09588623	-0.1633742	-0.2289336
UID_9240_9241_sorted	UID_9240_9241_sorted	-0.07430675	-0.005851288	-0.06437266	-0.0319632	0.01272143	0.0339134	-0.0004345734	0.02127865	0.01338835	0.03589962
UID_9257_9422_sorted	UID_9257_9422_sorted	-0.07220971	0.005349456	0.01581383	0.01736661	-0.000239024	-0.05859816	0.0003031908	-0.05122353	0.0119722	0.007498784
UID_9260_9253_sorted	UID_9260_9253_sorted	0.005927668	0.03033769	0.142247	0.06742585	-0.07980849	0.05761257	0.1269643	0.04793977	-0.04263661	0.01804448
UID_9268_9416_sorted	UID_9268_9416_sorted	-0.0444809	-0.009941671	0.01262631	0.03489263	-0.01953372	0.02540704	0.0205805	-0.0761778	0.02452935	-0.02921655
UID_9276_9291_sorted	UID_9276_9291_sorted	-0.1015337	-0.002417071	-0.06617382	-0.03345668	0.01503017	0.04155489	-0.01079565	0.01416872	0.0174935	0.004190394
UID_9278_9522_sorted	UID_9278_9522_sorted	0.0321115	0.000971727	0.02627424	-0.0256362	-0.004221708	-0.004048571	-0.01674856	0.03936947	0.01505489	0.008304503
UID_9280_10283_sorted	UID_9280_10283_sorted	-0.1092277	-0.01015433	-0.08725307	-0.04264929	0.01293439	0.05615115	-0.01225389	0.03799903	-0.004467803	0.002977421
UID_9281_9502_sorted	UID_9281_9502_sorted	-0.07838566	0.01024475	0.01181591	0.003106617	0.0244782	-0.1944797	0.02366632	0.04284591	-0.02131664	0.01239657
UID_9296_4421_sorted	UID_9296_4421_sorted	-0.0682121	0.0106314	0.01566068	-0.00376172	0.03374974	-0.2042298	-0.001402114	0.06451309	-0.03395255	-0.0009942577
UID_9304_8601_sorted	UID_9304_8601_sorted	-0.06359677	0.005383846	0.02836062	0.02189068	-0.01234934	-0.02224712	0.006098903	-0.07598619	0.02133864	-0.006107169
UID_9305_9312_sorted	UID_9305_9312_sorted	8.270956e-06	-6.550446e-08	6.355968e-06	3.976274e-06	-4.774921e-07	-8.175964e-06	1.268075e-08	1.672187e-06	-6.364665e-06	-6.250582e-06
UID_9330_9420_sorted	UID_9330_9420_sorted	0.003309385	0.02704428	0.1141648	0.06389595	-0.08557067	0.08734264	0.1766077	0.128046	-0.06954501	0.06864102
UID_9340_9341_sorted	UID_9340_9341_sorted	0.06503421	-0.1452215	-0.04379674	0.09353506	0.004195827	-0.01114284	-0.01093989	0.01901312	0.01512612	-0.01533816
UID_9351_9369_sorted	UID_9351_9369_sorted	0.07430465	0.1184771	-0.09110809	0.04760205	0.005168377	-0.0109018	0.02307884	-0.06046547	-0.05865026	0.06850898
UID_9353_9355_sorted	UID_9353_9355_sorted	0.04888387	0.1015151	-0.09953706	0.03933363	-0.01480195	-0.000864926	-0.0007061068	-0.04742348	-0.0479977	0.05562566
UID_9367_9587_sorted	UID_9367_9587_sorted	0.06911307	-0.07647453	0.003140819	-0.1365003	-0.09113951	-0.02409906	0.02392525	-0.008575987	0.03701688	0.05867941
UID_9379_9981_sorted	UID_9379_9981_sorted	-9.01974e-05	-0.07639121	-0.04427624	0.02304397	-0.001286805	0.01270668	-0.01607611	0.009817781	0.008487158	-0.009291716
UID_9392_9978_sorted	UID_9392_9978_sorted	0.08910227	0.1320147	-0.08570472	0.03121362	-0.02702016	-0.01400083	0.005686444	0.01617194	0.07843139	-0.03729178
UID_9395_9389_sorted	UID_9395_9389_sorted	0.06037764	0.09919592	-0.07938015	0.03627489	-0.01373995	-0.00913037	0.01434494	-0.05477293	-0.06296913	0.06108541
UID_9396_9397_sorted	UID_9396_9397_sorted	0.07609866	-0.02381907	0.005467596	-0.1546957	-0.04070034	-0.01647583	0.04070057	-0.1017891	-0.05670843	0.03098316
UID_9403_9425_sorted	UID_9403_9425_sorted	-0.0690216	0.005108791	0.03061246	0.03765236	-0.0347579	0.02577972	0.09981508	-0.08275155	0.04432612	-0.03089092
UID_9404_9413_sorted	UID_9404_9413_sorted	-0.02514314	-0.0161062	-0.04001129	-0.04658831	0.002976033	0.04049155	-0.01310038	0.05202824	-0.0102787	0.1469193
UID_9417_9406_sorted	UID_9417_9406_sorted	-0.07463903	0.01366445	0.01865309	-0.0007477662	0.0319298	-0.2048604	0.01759252	0.04202248	-0.006619972	0.01779621
UID_9427_9171_sorted	UID_9427_9171_sorted	-0.09578261	-0.004560876	-0.07133237	-0.03761282	0.008969928	0.06123939	-0.01782196	0.008325376	0.02584162	0.03408208
UID_9429_9439_sorted	UID_9429_9439_sorted	-0.05353799	0.002983969	0.01418974	0.01850029	-0.02162566	0.02279556	0.06952998	-0.05015311	0.04257041	0.005118374
UID_9437_9438_sorted	UID_9437_9438_sorted	0.08262203	0.1244351	-0.09885209	0.04561207	-0.04395394	-0.01501129	-0.0003406825	0.01163794	0.03220961	-0.03558036
UID_9446_9322_sorted	UID_9446_9322_sorted	0.06289183	-0.01333397	0.03653361	-0.01117411	0.2001382	0.03501387	0.08424132	-0.03825475	0.05566474	-0.02705786
UID_9447_9431_sorted	UID_9447_9431_sorted	-0.05543673	-0.0214531	-0.0539905	-0.05876925	-0.009567605	0.02880606	-0.0114561	0.01923671	0.008449742	-0.0008315338
UID_9448_9449_sorted	UID_9448_9449_sorted	0.09470742	0.1390097	-0.1053088	0.04560619	-0.05983501	-0.01670711	-0.003512326	0.02276841	0.05717886	-0.03798492
UID_9451_9426_sorted	UID_9451_9426_sorted	-0.1071624	-0.007002579	-0.07462987	-0.03386193	0.01089685	0.04870463	-0.01726935	0.0175825	0.01097602	0.01647942
UID_9475_4418_sorted	UID_9475_4418_sorted	-0.06702563	0.003750889	0.003059066	0.003414558	0.02516841	-0.1594693	0.006844109	0.05105137	-0.02828685	0.006635171
UID_9480_10263_sorted	UID_9480_10263_sorted	0.004650297	-0.07317622	-0.01285097	0.07100738	-0.01118668	0.01045022	0.01812885	-0.02818713	0.01020581	-4.779654e-05
UID_9489_9481_sorted	UID_9489_9481_sorted	0.08239682	-0.02283394	0.01235542	-0.1868558	-0.0539169	-0.01980035	0.04832092	-0.116226	-0.05892714	0.05779709
UID_9496_9398_sorted	UID_9496_9398_sorted	0.06875404	-0.1165994	-0.01441509	-0.02885279	-0.04343837	-0.01826999	0.002348532	-0.008207371	0.02214915	-0.01149986
UID_9500_10123_sorted	UID_9500_10123_sorted	-0.07288162	0.01475537	0.02111378	0.003441095	0.02833511	-0.2119886	0.01629779	0.042353	-0.0008203538	0.02986718
UID_9521_8460_sorted	UID_9521_8460_sorted	-0.07167593	0.004636469	0.02387525	0.02518697	-0.02541034	0.03790565	0.09171437	-0.0740425	0.04810149	-0.002800366
UID_9524_9523_sorted	UID_9524_9523_sorted	0.08537637	0.1336638	-0.1012496	0.05574642	-0.0114351	-0.01294597	0.01014886	-0.05669634	-0.0682763	0.05905309
UID_9537_10197_sorted	UID_9537_10197_sorted	-0.07523002	0.008189964	0.02324227	0.01106855	0.02381902	-0.1786047	0.02433325	0.01503425	-0.0122792	0.01719095
UID_9540_9544_sorted	UID_9540_9544_sorted	-0.06806726	0.002290332	0.02259066	0.0253753	-0.03299472	0.041519	0.08497866	-0.08200604	0.05204611	-0.04082931
UID_9543_9539_sorted	UID_9543_9539_sorted	0.0897945	0.1341222	-0.09047772	0.04755189	-0.05938553	-0.01643969	-0.007967959	0.02654586	0.06402232	-0.04716765
UID_9548_9538_sorted	UID_9548_9538_sorted	-0.06756166	0.009827637	0.03389548	0.0327569	-0.03576598	0.04501714	0.08520458	-0.08165891	0.05318285	-0.02271513
UID_9559_9553_sorted	UID_9559_9553_sorted	0.07710059	-0.01458316	0.04235903	-0.02965402	0.2246786	0.03609155	0.05889539	-0.03578611	0.05237531	-0.01677347
UID_9562_9473_sorted	UID_9562_9473_sorted	-0.02710249	-0.02271515	-0.04825045	-0.04711022	0.008030493	0.03709892	-0.00130301	0.06537491	-0.007769493	0.1403707
UID_9563_9466_sorted	UID_9563_9466_sorted	0.071187	-0.01131139	0.0369289	-0.0275057	0.2257578	0.03735878	0.07779352	-0.01421529	0.06488207	-0.01747016
UID_9564_9469_sorted	UID_9564_9469_sorted	-0.02646781	-0.0213296	-0.0522882	-0.04035988	0.00227044	0.03473935	0.001171848	0.04976202	-0.01756047	0.1483303
UID_9570_9002_sorted	UID_9570_9002_sorted	-0.05683494	0.009964499	0.01440873	0.00105931	-0.01560162	0.04582951	0.01181544	-0.05284144	0.04103786	0.003601256
UID_9572_10366_sorted	UID_9572_10366_sorted	-0.06634757	0.004885575	0.02532428	0.02073162	-0.007924234	-0.03555794	0.0002817641	-0.05866522	0.01056949	-0.008846787
UID_9577_6214_sorted	UID_9577_6214_sorted	0.08654182	0.1344169	-0.1025705	0.04747939	0.001980902	-0.01162651	0.02785841	-0.06537144	-0.03414537	0.08883127
UID_9579_9547_sorted	UID_9579_9547_sorted	0.06465436	-0.153954	-0.04412273	0.0926948	0.006558839	-0.01217066	-0.01155078	0.01494033	0.01162448	-0.003288337
UID_9583_10038_sorted	UID_9583_10038_sorted	-0.07459842	-0.004274413	-0.06288762	-0.02940573	0.01492069	0.0364518	-0.006156777	0.01671785	0.0168664	0.04189675
UID_9592_9357_sorted	UID_9592_9357_sorted	-0.07008552	0.004856643	0.02561095	0.03637304	-0.03091035	0.02762376	0.07555455	-0.08294044	0.05043053	-0.03583285
UID_9593_9542_sorted	UID_9593_9542_sorted	0.05454749	0.03273154	0.001970416	-0.04458105	0.0333268	0.007507821	0.01314307	-0.03657288	-0.1468377	-0.06589385
UID_9627_9643_sorted	UID_9627_9643_sorted	-0.04257239	0.01110078	-0.006021281	-0.0131877	0.004695411	0.03014243	-0.02032966	0.001408537	0.01894917	-0.01265533
UID_9628_9608_sorted	UID_9628_9608_sorted	-0.1012239	-0.006479789	-0.07431633	-0.03724266	0.01342736	0.05120593	-0.0254578	0.02463803	0.004879398	0.01063425
UID_9644_9228_sorted	UID_9644_9228_sorted	-0.09188868	-0.004498315	-0.06233311	-0.02670267	0.003432765	0.05082858	0.0005325389	-0.001815579	0.0164753	-0.01730019
UID_9662_10178_sorted	UID_9662_10178_sorted	-0.06613253	0.005573834	0.01998598	0.02241147	-0.02461639	0.04654883	0.02481068	-0.08061793	0.02634178	-0.01257631
UID_9747_8635_sorted	UID_9747_8635_sorted	-0.103758	-0.002204786	-0.06736688	-0.03621541	0.0119869	0.05358577	-0.01798234	0.01419613	0.00655799	0.001651157
UID_9748_9728_sorted	UID_9748_9728_sorted	-0.1057911	-0.004265733	-0.06985279	-0.03280374	0.01121999	0.04750645	-0.004926458	0.006062416	0.021883	0.008340322
UID_9757_9008_sorted	UID_9757_9008_sorted	0.0783828	-0.06184687	0.02885603	-0.2140852	-0.1190323	-0.03440471	0.0180489	-0.002308603	0.06065432	0.04465031
UID_9829_9831_sorted	UID_9829_9831_sorted	-0.05258884	-0.03201539	-0.06187606	-0.02168874	0.0134049	0.04100212	-0.01492273	0.02777699	0.003904519	0.04034218
UID_9836_9827_sorted	UID_9836_9827_sorted	0.02452268	0.02182423	0.04779129	-0.0234316	0.09986652	0.01919712	-0.003610815	0.06108295	0.04495171	-0.005157734
UID_9843_9684_sorted	UID_9843_9684_sorted	0.07511669	-0.04284489	0.03850713	-0.2273753	-0.113259	-0.02992211	0.01958961	-0.010573	0.06683529	0.02495873
UID_9851_9852_sorted	UID_9851_9852_sorted	0.07349712	-0.05544398	0.0323317	-0.2083426	-0.1112721	-0.02719282	0.01163328	-0.01670093	0.06528044	-0.005222341
UID_9898_8637_sorted	UID_9898_8637_sorted	-0.1042174	-0.001093169	-0.06342802	-0.0299876	0.006524552	0.05037617	-0.005228315	0.003315046	0.01634496	0.003214495
UID_9911_9902_sorted	UID_9911_9902_sorted	-0.1089256	-0.005977792	-0.08732382	-0.04850668	0.01874607	0.05549648	-0.001262655	0.02877606	0.02802228	0.06460674
UID_9914_9390_sorted	UID_9914_9390_sorted	0.08949622	0.1393777	-0.1031768	0.05180989	-0.003628926	-0.008646314	0.01998348	-0.06875838	-0.06212705	0.06057233
UID_9926_4419_sorted	UID_9926_4419_sorted	0.03298977	0.02835762	0.00521581	-0.02429	0.01354691	0.04138729	-0.04718148	0.1078105	-0.2086476	-0.2916545
UID_9934_10109_sorted	UID_9934_10109_sorted	0.04019039	-0.02885504	0.0008382416	0.002100671	0.0345222	0.01299725	-0.002718716	0.02004075	-0.03556035	-0.07359566
UID_9937_9948_sorted	UID_9937_9948_sorted	0.06049562	-0.123229	-0.02835175	0.0789355	0.01132964	-0.008756188	-0.01420646	0.03050414	0.02704769	-0.03114168
UID_9942_10151_sorted	UID_9942_10151_sorted	0.08606821	0.1367721	-0.1081283	0.0615003	-0.01489295	-0.01037459	0.007646581	-0.05694374	-0.06942844	0.07222904
UID_9945_9474_sorted	UID_9945_9474_sorted	0.06814047	-0.137662	-0.03612289	0.001348768	-0.0332693	-0.0189356	0.01519802	0.0006511765	0.007953105	0.05521124
UID_9952_9490_sorted	UID_9952_9490_sorted	-0.1024417	-0.007849227	-0.08111834	-0.04083966	0.01111154	0.0471488	-0.01658118	0.03585917	-0.002483348	0.006379659
UID_9954_9924_sorted	UID_9954_9924_sorted	0.08065243	-0.04423996	0.02764111	-0.2194959	-0.1151971	-0.03596456	0.02147273	-0.001764845	0.06918496	0.03175721
UID_9964_10271_sorted	UID_9964_10271_sorted	0.06583965	-0.1619597	-0.04900335	0.1009622	0.006401061	-0.004234091	-0.01591841	0.01825462	0.005734876	-0.0256339
UID_9979_9976_sorted	UID_9979_9976_sorted	-0.106878	-0.006146655	-0.08516357	-0.04906124	0.01952077	0.04222092	-0.002202667	0.02748706	0.02576826	0.05201796
UID_9984_9382_sorted	UID_9984_9382_sorted	0.03340257	0.02717256	0.06780967	-0.00678917	0.008540245	-0.004888214	-0.07414182	0.04626864	0.002911337	-0.003157292
