FID	IID	PC1	PC2	PC3	PC4	PC5	PC6	PC7	PC8	PC9	PC10
cUID_unk_4167_marmot4167_sorted	cUID_unk_4167_marmot4167_sorted	0.01150757	0.07689134	0.2675846	0.0136392	0.02799714	-0.08721872	0.4896189	0.03340127	0.1200067	-0.1729938
RMBL_marmot_05-06_sorted	RMBL_marmot_05-06_sorted	-0.4069512	-0.05428739	-0.2168585	-0.0718558	0.04365499	-0.109374	0.009438573	-0.007232594	-0.03899301	0.04766711
RMBL_marmot_no_label_MS125_May2024_sorted	RMBL_marmot_no_label_MS125_May2024_sorted	-0.3944029	-0.05126081	-0.2129819	-0.06994318	0.04186839	-0.10593	0.00875683	-0.008948347	-0.03803258	0.0463881
UID_10009_10025_sorted	UID_10009_10025_sorted	0.3132061	-0.5114506	-0.1044591	0.2859474	-0.02006667	0.01435584	0.0580382	0.0333619	-0.02866829	0.08138137
UID_10010_10019_sorted	UID_10010_10019_sorted	-0.2429025	0.01048176	-0.004381851	-0.02032376	0.09057784	-0.131303	-0.02785231	-0.08782661	-0.1276233	-0.0285659
UID_10041_9876_sorted	UID_10041_9876_sorted	-0.2780981	0.02415853	0.0707614	0.05613032	-0.2222008	0.397196	-0.04238935	0.06298377	0.04109383	-0.006331863
UID_10048_10061_sorted	UID_10048_10061_sorted	-0.2897322	-0.007946037	0.08406146	0.0691681	-0.03556222	0.1120699	-0.01734518	-0.1159256	-0.02475257	0.0001906186
UID_10052_10034_sorted	UID_10052_10034_sorted	-0.2565216	0.002016539	0.0516454	0.02649129	-0.04820096	0.1047431	0.02377941	-0.1033136	-0.001704955	-0.02796459
UID_10054_10194_sorted	UID_10054_10194_sorted	0.3091036	-0.4649173	-0.08875444	0.2294549	-0.01872838	0.02041406	0.04641107	0.03743378	-0.03382696	0.06537067
UID_10056_10055_sorted	UID_10056_10055_sorted	-0.3180065	-0.05240498	-0.2142522	-0.07332575	0.00854835	-0.07420467	0.0004855828	0.03996073	-0.02113063	-0.07326247
UID_10067_10185_sorted	UID_10067_10185_sorted	0.1973897	0.1748024	0.1899467	-0.152718	-0.4779118	-0.274327	-0.09057869	0.0476095	-0.1242961	-0.001195171
UID_10070_10071_sorted	UID_10070_10071_sorted	-0.3922377	-0.06678527	-0.2493315	-0.1044379	0.02359834	-0.11109	0.02163486	0.06553653	0.02211638	-0.0003843931
UID_10073_10028_sorted	UID_10073_10028_sorted	0.261468	0.0387713	0.06822279	-0.4455482	0.157157	0.1418162	-0.01463301	-0.05498343	0.09268583	0.2258758
UID_10083_10001_sorted	UID_10083_10001_sorted	-0.04240102	0.08405902	0.4496254	0.2011519	0.2806744	-0.07072917	-0.3514095	0.1194017	0.1225827	-0.002937844
UID_10089_10098_sorted	UID_10089_10098_sorted	0.2776422	-0.04433304	0.07162853	-0.1022272	-0.4543772	-0.2844993	-0.1724563	-0.07625166	-0.107034	0.03319401
UID_10095_10094_sorted	UID_10095_10094_sorted	0.2309447	-0.2164922	-0.121932	0.118465	0.02490317	0.02128798	0.03047165	0.006137094	-0.002475118	0.04938932
UID_10100_10005_sorted	UID_10100_10005_sorted	0.2794176	0.4475016	-0.2796122	0.1525339	0.03175092	0.04185721	-0.01512826	-0.09923619	0.1545046	-0.10521
UID_10106_4466_sorted	UID_10106_4466_sorted	0.2519029	0.360738	-0.2391852	0.1274201	0.03247917	0.03790529	-0.02113338	-0.06634838	0.1201194	-0.1037181
UID_10112_6205_sorted	UID_10112_6205_sorted	-0.3698621	-0.04041461	-0.2479822	-0.1243788	0.007957805	-0.1178718	0.04269691	0.08847168	-0.01319682	-0.112948
UID_10145_10372_sorted	UID_10145_10372_sorted	-0.2454346	0.01430633	0.03890237	0.008177029	-0.04174683	0.02420822	0.07802198	-0.1216438	-0.06078973	-0.04719834
UID_10146_10130_sorted	UID_10146_10130_sorted	0.2785313	0.002558227	0.06777969	-0.4128238	0.1246422	0.1449671	0.007243961	-0.04702991	0.07840139	0.2648665
UID_10147_10132_sorted	UID_10147_10132_sorted	0.301432	-0.496337	-0.1198574	0.2137494	-0.00256385	0.01646292	0.0344492	0.03418252	-0.01432216	0.02417918
UID_10148_9348_sorted	UID_10148_9348_sorted	-0.2533197	-0.0004175124	0.04624375	0.04951556	-0.212476	0.3452491	-0.04504549	0.06727067	0.02450408	-0.02189173
UID_10150_9248_sorted	UID_10150_9248_sorted	0.1874615	0.1511613	0.2142474	-0.1420119	-0.3507165	-0.2303134	0.01056905	0.1901427	-0.1656028	-0.005101485
UID_10155_10111_sorted	UID_10155_10111_sorted	0.2167063	0.1852229	0.1841554	-0.1585891	-0.5199153	-0.3068034	-0.1188631	0.06555263	-0.1607555	0.0003451866
UID_10159_10161_sorted	UID_10159_10161_sorted	0.3150734	-0.4299172	-0.08530667	-0.03050467	0.0727316	0.06995514	-0.04000999	0.0002157791	0.00934054	-0.1077984
UID_10165_10102_sorted	UID_10165_10102_sorted	0.2423193	0.0310358	0.03788954	-0.3381183	0.1179715	0.1289693	-0.01269715	-0.05781071	0.08643295	0.1855467
UID_10172_10167_sorted	UID_10172_10167_sorted	0.3219675	-0.3918541	-0.1031863	-0.03181942	0.09479745	0.1102698	-0.0150047	0.0005829427	-0.04098689	-0.05968596
UID_10175_10121_sorted	UID_10175_10121_sorted	0.2810434	-0.4562741	-0.1086653	0.2302998	0.02038675	0.01206061	0.03052189	0.04428456	-0.01286236	0.01753861
UID_10176_10035_sorted	UID_10176_10035_sorted	-0.2473981	-0.002781411	0.05869983	0.04243523	-0.1983462	0.3554803	-0.07946025	0.08161582	0.04298745	0.007161659
UID_10181_10436_sorted	UID_10181_10436_sorted	-0.2645815	0.01445173	0.06261694	0.05074646	-0.2493339	0.4033687	-0.05779153	0.1007792	0.05886268	-0.007049856
UID_10187_9267_sorted	UID_10187_9267_sorted	-0.1103572	-0.1000323	0.01351829	0.07699827	-0.01240343	0.05200057	0.02990467	-0.06528072	-0.01664784	-0.01059112
UID_10189_10179_sorted	UID_10189_10179_sorted	-0.2470532	-0.01383055	0.1178124	0.08868664	0.1404391	-0.0567728	-0.1359949	-0.2088526	-0.1026965	0.002555839
UID_10200_10928_sorted	UID_10200_10928_sorted	0.2946898	0.4855716	-0.2928387	0.1619008	0.009680414	0.03442986	-0.02366799	-0.1022227	0.1704824	-0.06848479
UID_10212_10207_sorted	UID_10212_10207_sorted	-0.2378818	0.005354241	0.09250383	0.06540829	-0.01250829	0.0459024	0.02251526	-0.1790612	-0.03427051	0.02563633
UID_10215_9310_sorted	UID_10215_9310_sorted	0.1074	-0.2908803	-0.04616636	0.1452587	0.01754872	-0.006633953	-0.003121938	-0.02361446	-0.02559364	-0.003037623
UID_10218_10220_sorted	UID_10218_10220_sorted	0.2750506	0.4326212	-0.2747697	0.1415359	-0.01006326	0.01650573	-0.0358469	-0.116637	0.1136938	-0.09389584
UID_10221_10219_sorted	UID_10221_10219_sorted	-0.2895481	-0.007243384	0.1046612	0.06399252	-0.0398184	0.1117707	0.02858775	-0.1444839	-0.01898949	-0.02258468
UID_10222_10214_sorted	UID_10222_10214_sorted	-0.1047696	-0.04747827	-0.1362824	-0.1011563	0.02659457	-0.09444247	-0.01775971	0.1079424	0.01898218	-0.333217
UID_10225_10242_sorted	UID_10225_10242_sorted	-0.1840615	0.02980004	0.03077976	-0.02295164	0.06100145	-0.1025942	0.004952597	-0.1346847	-0.1032792	-0.02591499
UID_10235_10085_sorted	UID_10235_10085_sorted	0.2528732	0.2011675	-0.2376454	0.148165	0.02229176	0.01798711	-0.003300497	-0.06345285	0.1062614	-0.0629357
UID_10243_10245_sorted	UID_10243_10245_sorted	-0.2160083	0.009225708	0.03583407	0.01378405	-0.003833824	-0.02668944	0.06427447	-0.1205546	-0.07205463	-0.02949844
UID_10248_10247_sorted	UID_10248_10247_sorted	0.005803513	0.09982664	0.4756048	0.1807477	0.3233821	-0.151868	-0.4033924	0.3218948	0.1738311	-0.08819165
UID_10249_10250_sorted	UID_10249_10250_sorted	0.2242741	0.04130471	-0.01916721	-0.02616139	-0.28599	-0.1682809	-0.09505258	-0.05470772	-0.05621634	-0.0008312266
UID_10252_10295_sorted	UID_10252_10295_sorted	-0.2662181	-0.02466413	0.07644947	0.07933963	0.09681094	-0.04352088	-0.1328932	-0.177571	-0.07869309	-0.0001420525
UID_10254_10256_sorted	UID_10254_10256_sorted	0.2975773	0.02128329	-0.0004844201	-0.4225853	0.07456548	0.115477	-0.09853677	-0.210304	0.1001687	-0.07491972
UID_10261_10262_sorted	UID_10261_10262_sorted	0.2731809	0.0213806	-0.0335246	-0.3456328	0.0796426	0.11594	-0.08190214	-0.1742939	0.0916365	-0.05258372
UID_10266_10265_sorted	UID_10266_10265_sorted	0.2852299	0.4532683	-0.2510072	0.1113389	0.02992984	0.0509098	-0.0009328803	-0.03778627	-0.07688978	-0.0142628
UID_10276_10092_sorted	UID_10276_10092_sorted	-0.1972803	0.002953044	0.02979125	0.004331028	0.06821431	-0.08789177	0.007710864	-0.09821043	-0.09521072	-0.009398563
UID_10279_10282_sorted	UID_10279_10282_sorted	0.2942501	-0.03068339	0.03519199	-0.06859991	-0.4704182	-0.280777	-0.1655499	-0.05887358	-0.1083166	0.003343342
UID_10287_10267_sorted	UID_10287_10267_sorted	0.2900906	-0.4813081	-0.1243119	0.2357223	0.01688642	0.02535442	0.01751874	-0.0009031046	-0.005394792	0.009096978
UID_10292_10398_sorted	UID_10292_10398_sorted	0.3144342	-0.5402331	-0.1346794	0.2879865	-0.03694492	-0.02887692	0.01121329	0.01197608	0.01592403	0.01035263
UID_10293_10289_sorted	UID_10293_10289_sorted	0.03566846	0.05171709	0.3193027	0.1510952	0.2680208	-0.1305969	-0.2955953	0.2847452	0.1360024	-0.09346872
UID_10304_10333_sorted	UID_10304_10333_sorted	-0.1376382	0.04032993	-0.1284708	-0.1023389	-0.007224695	-0.1305995	0.04787236	0.1717778	0.2346289	0.4982486
UID_10318_9454_sorted	UID_10318_9454_sorted	-0.1628443	0.006919194	0.06736376	0.04118169	0.1268321	-0.1043261	-0.1443138	0.1037895	0.06663576	-0.02885068
UID_10332_10412_sorted	UID_10332_10412_sorted	-0.1947559	0.006455055	0.1080937	0.04836336	0.1741284	-0.1532784	-0.2212826	0.1647849	0.07885476	-0.07047069
UID_10337_10361_sorted	UID_10337_10361_sorted	0.2642559	0.4199464	-0.3037224	0.1162828	-0.02553369	0.01174063	-0.07608028	-0.1680633	0.2631905	-0.01169707
UID_10339_10402_sorted	UID_10339_10402_sorted	-0.1441932	0.03590125	-0.1261812	-0.1055774	-0.0005390082	-0.1138866	0.07102834	0.1691684	0.2605255	0.451422
UID_10341_10403_sorted	UID_10341_10403_sorted	-0.2139077	0.0196521	0.1253796	0.05169618	0.2019096	-0.1483416	-0.2235912	0.1870255	0.1127501	-0.05353784
UID_10343_10345_sorted	UID_10343_10345_sorted	-0.2809106	0.00796709	0.01978116	0.03864686	-0.2657122	0.4141555	-0.05887713	0.1466576	0.04201969	-0.0138228
UID_10354_10305_sorted	UID_10354_10305_sorted	-0.1392809	0.02026702	-0.1217537	-0.1026804	-0.007801485	-0.1359151	0.0724482	0.1818955	0.2647867	0.4803814
UID_10357_10359_sorted	UID_10357_10359_sorted	-0.2192978	0.006987681	0.003034782	-0.01574987	-0.01685257	-0.008604336	0.05994203	-0.09973673	-0.06320198	-0.02917283
UID_10363_10311_sorted	UID_10363_10311_sorted	0.2589891	0.4060598	-0.313924	0.1232771	-0.004796889	0.01077467	-0.06236039	-0.1801873	0.3231137	-0.03445393
UID_10369_10008_sorted	UID_10369_10008_sorted	0.3255758	-0.525149	-0.1308627	0.2535928	-0.0488376	-0.0330683	0.01383313	-0.0121094	0.0327145	0.02792491
UID_10371_10389_sorted	UID_10371_10389_sorted	0.3086381	-0.5315623	-0.1346222	0.2375839	0.002396167	-0.01108526	0.02516806	0.008122645	0.04166617	-0.01684462
UID_10382_10273_sorted	UID_10382_10273_sorted	-0.2830647	0.02673562	0.02741825	0.01637095	-0.2481231	0.3791363	-0.05491836	0.1486922	0.0608088	-0.0002731354
UID_10386_10383_sorted	UID_10386_10383_sorted	-0.4233902	-0.06604818	-0.2581267	-0.09669841	0.01652172	-0.1122979	0.05782287	0.06032018	0.00805144	-0.01012944
UID_10388_10375_sorted	UID_10388_10375_sorted	0.3163316	-0.5506136	-0.1466464	0.2738151	-0.02843849	-0.02209273	0.02473263	0.00315565	0.02324725	0.01284504
UID_10409_10353_sorted	UID_10409_10353_sorted	0.3052627	0.4531967	-0.3248316	0.1053221	0.003117202	0.02549894	-0.07992305	-0.1396997	0.2340161	0.02872867
UID_10416_10422_sorted	UID_10416_10422_sorted	-0.2583798	-0.0102115	0.0339559	0.04955492	-0.1957454	0.3206909	-0.04904585	0.05918354	0.01910066	-0.01648005
UID_10418_10051_sorted	UID_10418_10051_sorted	-0.2860365	-0.000498197	0.07484064	0.05564998	-0.224668	0.3914744	-0.07879519	0.07905152	0.02642903	0.03298845
UID_10421_4461_sorted	UID_10421_4461_sorted	-0.2941454	0.001248701	0.09402286	0.05276642	-0.2115412	0.3736825	-0.06462475	0.05295038	0.02207766	-0.02302126
UID_10437_10428_sorted	UID_10437_10428_sorted	-0.1380174	0.03750283	-0.08706086	-0.08180851	0.00350448	-0.1280015	0.07094857	0.13879	0.2616417	0.4470477
UID_19_46_sorted	UID_19_46_sorted	-0.01854063	0.08332467	0.2537595	-0.008366299	0.03368935	-0.1364947	0.5339723	0.1053815	0.1115263	-0.1164365
UID_2686_2690_sorted	UID_2686_2690_sorted	0.00247163	0.05747996	0.2645103	0.101391	0.07533403	-0.006393996	0.1026629	0.0003288325	0.07165023	-0.08621666
UID_2793_2821_sorted	UID_2793_2821_sorted	0.07627939	0.09543436	0.3611132	0.05939467	0.01421313	-0.02508025	0.3721443	0.02630128	0.134114	-0.127311
UID_2805_2809_sorted	UID_2805_2809_sorted	0.07138119	0.09541834	0.3847006	0.06042705	0.00814817	0.008033489	0.400453	0.0201105	0.120799	-0.1408593
UID_2822_2876_sorted	UID_2822_2876_sorted	0.05895719	0.1185582	0.3353135	0.02525902	-0.01617256	-0.06055056	0.5046358	-0.03026376	0.1140178	-0.1621689
UID_3166_3174_sorted	UID_3166_3174_sorted	0.02822686	0.09956056	0.3323668	0.01921394	0.03014255	-0.1110867	0.5832793	0.04949801	0.1454065	-0.2101389
UID_37_247_sorted	UID_37_247_sorted	0.05221586	0.08652035	0.320397	0.04654504	0.01534645	-0.04912741	0.3557457	0.03761827	0.09224015	-0.06069905
UID_4052_4051_sorted	UID_4052_4051_sorted	0.1119866	0.06223237	0.2072349	-0.04065594	-0.02301891	-0.04347129	0.2164364	0.1479977	0.04523336	-0.008869168
UID_4229_4217_sorted	UID_4229_4217_sorted	-0.0376365	0.0603394	0.2242238	0.08507102	0.09691696	-0.0121547	-0.03009541	-0.1374571	-0.1055421	0.1538268
UID_4384_noear_sorted	UID_4384_noear_sorted	0.0983315	0.07563188	0.203019	-0.0608238	-0.01936459	-0.03503436	0.2125065	0.174965	0.03728681	0.004386413
UID_4405_10284_sorted	UID_4405_10284_sorted	-0.2810441	-0.01732259	0.0900434	0.07996048	0.0936386	-0.05531034	-0.1561311	-0.1731285	-0.1026474	-0.01493845
UID_4414_9552_sorted	UID_4414_9552_sorted	0.01238143	0.1079019	0.4696632	0.1831297	0.3558641	-0.1853539	-0.3880684	0.3882086	0.1924569	-0.1128522
UID_4463_6212_sorted	UID_4463_6212_sorted	0.2219404	0.1673843	0.1878451	-0.1535015	-0.4637155	-0.3007255	-0.0568966	0.1107749	-0.1698181	-0.02981098
UID_4508_4512_sorted	UID_4508_4512_sorted	-0.1359394	0.03723707	0.06925412	-0.03132802	0.000219918	-0.1063526	0.3102697	0.05575848	0.0377777	-0.06144624
UID_4692_4681_sorted	UID_4692_4681_sorted	-0.0440942	0.0683068	0.2072119	0.05642982	0.0459672	0.01334339	-0.001833154	-0.133704	-0.07571618	0.1412495
UID_48_47_sorted	UID_48_47_sorted	0.02933078	0.08715834	0.2787193	0.004092145	-0.007511101	-0.1152129	0.4865389	0.05628217	0.09685477	-0.1031958
UID_4901_5896_sorted	UID_4901_5896_sorted	0.08082944	0.03147407	0.3225553	0.08674241	0.02299491	-0.04423266	0.2982882	-0.1341451	0.01961028	0.02329536
UID_5263_5249_sorted	UID_5263_5249_sorted	0.115835	0.119683	0.1792753	-0.05240803	-0.04632262	-0.01181032	0.163676	0.1184534	-0.009095795	0.003479023
UID_5501_5503_sorted	UID_5501_5503_sorted	0.1013271	0.09861451	0.2392852	-0.02386069	0.01042551	-0.09670561	0.3938204	0.09102409	0.1070355	-0.1216001
UID_5540_5546_sorted	UID_5540_5546_sorted	-0.09972224	0.03555881	0.3358344	0.1777686	0.1134015	-0.001890949	0.01167219	-0.312516	-0.05856887	0.1170171
UID_6687_6677_sorted	UID_6687_6677_sorted	0.3373467	-0.439151	-0.1485968	0.02181494	0.06849692	0.0516305	-0.03719792	0.01592143	0.05855872	-0.200882
UID_6779_6729_sorted	UID_6779_6729_sorted	-0.08113415	0.04163081	0.3295502	0.1766818	0.1152922	-0.007467525	0.03324509	-0.3542801	-0.07303565	0.1433866
UID_6794_6799_sorted	UID_6794_6799_sorted	-0.1133126	0.01626371	0.2885597	0.1490373	0.1038534	0.004255159	0.0009403449	-0.2927824	-0.07281071	0.1431282
UID_6835_6898_sorted	UID_6835_6898_sorted	-0.04576471	0.04379104	0.2280243	0.06556652	-0.09463427	0.1348594	0.1901546	-0.07021637	0.02923508	-0.03661711
UID_7131_7126_sorted	UID_7131_7126_sorted	-0.1937349	0.01405746	0.08572661	0.02193937	0.05803321	-0.1095331	0.1874343	-0.07488087	-0.02033179	-0.008839791
UID_7289_6695_sorted	UID_7289_6695_sorted	-0.04736062	0.04667481	0.3496089	0.1281287	0.1070976	-0.02526205	0.108969	-0.3341084	-0.06221883	0.1066369
UID_7365_7368_sorted	UID_7365_7368_sorted	-0.1073436	0.04169777	0.1982804	0.05073363	0.09306597	-0.1124861	0.2057962	-0.1880618	-0.0541388	0.05275569
UID_7407_7412_sorted	UID_7407_7412_sorted	0.1092807	0.122513	0.2371697	0.01499836	0.06125921	-0.01841012	0.01678282	0.1442516	-0.07616853	0.02405376
UID_7559_7225_sorted	UID_7559_7225_sorted	-0.07115265	0.04907943	0.3898215	0.1470672	0.1152143	-0.02428669	0.0531702	-0.3569616	-0.09480174	0.05605957
UID_7565_7355_sorted	UID_7565_7355_sorted	-0.1044934	0.01712845	0.2704047	0.1153416	0.1190272	-0.05279213	0.05389306	-0.2899732	-0.09588731	0.1623592
UID_7635_7645_sorted	UID_7635_7645_sorted	0.04627793	0.1049424	0.363423	0.0833944	0.2792334	-0.1905128	-0.302015	0.37859	0.1038681	-0.1258986
UID_7698_7699_sorted	UID_7698_7699_sorted	0.1045476	0.2144923	-0.06507873	0.1007421	0.08071523	0.0436297	0.05386599	0.08006934	-0.2312477	0.05756868
UID_7712_7379_sorted	UID_7712_7379_sorted	0.2583915	0.2171402	0.1315649	-0.1810222	-0.6498917	-0.409267	-0.2133994	-0.07439373	-0.1296562	-0.05044333
UID_7733_7734_sorted	UID_7733_7734_sorted	0.2601229	0.403369	-0.13932	0.1255433	0.1577044	0.1085371	0.1019622	0.2343276	-0.4564203	0.08268582
UID_8089_8088_sorted	UID_8089_8088_sorted	0.2618726	0.4260197	-0.1584519	0.1424869	0.1538892	0.1059987	0.1255848	0.239656	-0.4719014	0.06465331
UID_8203_8206_sorted	UID_8203_8206_sorted	-0.008710873	0.0828483	0.3347369	0.1076415	0.1472658	-0.0341131	-0.1581073	-0.0207343	-0.02881266	0.04595309
UID_8246_8319_sorted	UID_8246_8319_sorted	-0.3903507	-0.06650242	-0.2305497	-0.07935132	0.02736453	-0.08981621	0.03696721	0.03718366	0.0009013072	0.03408274
UID_8254_8259_sorted	UID_8254_8259_sorted	0.1687241	-0.06656394	-0.03070783	-0.1070185	0.03238582	-0.03003696	-0.01490421	0.1082287	0.07289731	-0.3651166
UID_8281_8332_sorted	UID_8281_8332_sorted	0.2173212	-0.0450133	0.07372179	-0.1082694	0.005607374	0.009906543	0.02604289	0.1089503	-0.04924956	-0.04001636
UID_8383_8380_sorted	UID_8383_8380_sorted	0.1787889	0.08247651	0.009900023	-0.05646409	-0.02663604	0.02092297	0.02374092	0.01856162	0.1885627	0.1887259
UID_8476_8478_sorted	UID_8476_8478_sorted	0.2700336	0.457622	-0.1992747	0.1316143	0.2469535	0.1545835	0.1214672	0.3059048	-0.6198378	0.1234294
UID_8480_8352_sorted	UID_8480_8352_sorted	-0.100456	0.06976245	0.3900282	0.1785871	-0.01400314	0.1762696	0.009467087	-0.2691773	-0.04085625	0.02220147
UID_8491_8492_sorted	UID_8491_8492_sorted	0.2955467	0.4967397	-0.205298	0.1403652	0.2633765	0.1676166	0.1289281	0.3261688	-0.6599398	0.1334372
UID_8513_8503_sorted	UID_8513_8503_sorted	0.2929378	-0.2446377	-0.03255539	-0.07640526	0.02955476	0.03357884	-0.02087236	0.05420334	-0.04281159	-0.06649233
UID_8536_7837_sorted	UID_8536_7837_sorted	0.3307091	-0.2417914	-0.001898419	-0.2858937	0.1036692	0.1130842	-0.03697432	0.007513308	-0.03039687	-0.08502528
UID_8592_8249_sorted	UID_8592_8249_sorted	0.2828839	0.004509581	0.1770911	-0.7059095	0.2837931	0.2606856	-0.0462927	-0.02806257	-0.1225279	0.01670259
UID_8606_9166_sorted	UID_8606_9166_sorted	0.2609697	0.08012044	-0.0871791	-0.1010672	-0.08407877	-0.01660194	-0.1103022	-0.2346273	0.2387475	-0.2004421
UID_8621_8609_sorted	UID_8621_8609_sorted	-0.2382102	-0.007841825	0.08364161	0.09395352	0.1416935	-0.05859388	-0.1527039	-0.1705378	-0.1025225	0.03237595
UID_8649_8640_sorted	UID_8649_8640_sorted	-0.3732015	-0.0484714	-0.1737795	-0.04063782	0.0149659	-0.061804	-0.01348976	-0.0242703	-0.02300521	-0.02848179
UID_8673_8664_sorted	UID_8673_8664_sorted	0.17963	0.1534006	0.1350271	-0.1142178	-0.3554001	-0.2240978	-0.09979195	0.005964035	-0.08095793	0.0123356
UID_8680_8696_sorted	UID_8680_8696_sorted	-0.3751995	-0.04786267	-0.2404358	-0.1194549	0.02188023	-0.1287972	0.0490834	0.09189457	-0.02161406	-0.1553696
UID_8694_8697_sorted	UID_8694_8697_sorted	0.07471873	0.001843047	0.1322369	0.03973094	-0.1351758	-0.137242	-0.1111395	-0.1283921	-0.09005166	0.03820648
UID_8718_8745_sorted	UID_8718_8745_sorted	0.1551164	0.09629443	0.2102999	-0.08464411	-0.1352597	-0.08824864	0.1106393	0.1711639	-0.09305838	-0.0330524
UID_8740_8749_sorted	UID_8740_8749_sorted	0.2682894	0.1754294	-0.09247724	-0.08783183	-0.1272348	-0.06422326	-0.1116377	-0.1979723	0.2868294	-0.07667424
UID_8742_8324_sorted	UID_8742_8324_sorted	0.08806706	0.1002035	0.3475614	0.06542612	0.2001888	-0.1221146	-0.233381	0.3667917	0.1646744	-0.03985795
UID_8768_8831_sorted	UID_8768_8831_sorted	0.2191216	-0.3128763	-0.05357113	0.06898404	0.02453223	0.03362161	0.01962345	0.01111033	-0.0372296	0.05289886
UID_8818_10180_sorted	UID_8818_10180_sorted	0.182414	0.153497	0.2047311	-0.1495928	-0.3881673	-0.2470567	-0.02924677	0.1643964	-0.1505205	0.01896759
UID_8854_8837_sorted	UID_8854_8837_sorted	0.1607327	0.08267108	0.01347333	-0.07067184	-0.02204669	0.01511403	0.01987195	0.02985596	0.1761324	0.2122763
UID_8863_8857_sorted	UID_8863_8857_sorted	0.2981515	-0.3092279	0.01107592	-0.1625567	0.04796263	0.05020395	0.01988625	-0.06263977	-0.03769012	0.1058506
UID_8864_8871_sorted	UID_8864_8871_sorted	0.3218522	-0.5701132	-0.1531892	0.2957744	-0.02858445	0.007386283	0.009904658	0.006264034	0.007250998	-0.008053565
UID_8878_8876_sorted	UID_8878_8876_sorted	0.3188349	-0.4719346	-0.1046013	0.168346	-0.01143682	-0.03410182	0.02044454	-0.007235617	0.02986395	0.013005
UID_8896_10188_sorted	UID_8896_10188_sorted	0.2906601	-0.4761808	-0.1287677	0.2056208	-0.03086659	-0.014753	-0.001359006	-0.003035309	0.03242127	0.01918507
UID_8918_8385_sorted	UID_8918_8385_sorted	-0.3355261	-0.02746896	-0.1499649	-0.07765529	0.02989797	-0.126857	0.07123092	0.04276209	-0.003667131	-0.1137222
UID_8943_8950_sorted	UID_8943_8950_sorted	0.1711127	-0.1696435	-0.02824594	0.04208368	-0.007656842	-0.01059478	4.758385e-05	-0.03037567	0.05128798	-0.007690879
UID_8944_8934_sorted	UID_8944_8934_sorted	0.2791722	-0.330831	-0.01066315	0.1206836	-0.006287984	-0.001830008	0.05788561	0.07285802	-0.06324181	0.1250632
UID_8961_8625_sorted	UID_8961_8625_sorted	-0.3945539	-0.049779	-0.2128057	-0.08227313	-0.006309157	-0.06044925	0.03625339	0.08448215	0.0309745	0.0182389
UID_8986_8990_sorted	UID_8986_8990_sorted	-0.3266771	-0.04814775	-0.1856306	-0.06562999	0.03116378	-0.09722413	0.03407754	0.0112129	-0.01718046	-0.004549352
UID_9054_9063_sorted	UID_9054_9063_sorted	-0.4154208	-0.06556965	-0.1912374	-0.05882595	0.03002085	-0.09745682	0.02614531	-0.008143558	-0.00354114	-0.01768319
UID_9055_9061_sorted	UID_9055_9061_sorted	-0.3966102	-0.05494771	-0.2262665	-0.07841135	0.02095504	-0.1209025	0.05436121	0.07626423	0.06590694	0.1418586
UID_9064_9065_sorted	UID_9064_9065_sorted	-0.4073183	-0.04616016	-0.2153782	-0.07364524	-0.005435972	-0.03615867	0.02415788	0.01987801	-0.04089795	-0.03876547
UID_9069_9070_sorted	UID_9069_9070_sorted	0.2447946	0.2849569	-0.1330833	0.03133428	0.1621058	0.1070605	0.03864562	0.1569144	-0.2203554	0.1468442
UID_9074_9906_sorted	UID_9074_9906_sorted	-0.4116326	-0.0624923	-0.215289	-0.07777946	0.03322959	-0.1184398	0.02406465	-0.03222922	-0.06027434	-0.04505167
UID_9184_8816_sorted	UID_9184_8816_sorted	-0.1622094	0.08008619	0.3302695	0.1573689	-0.4443207	0.7902491	-0.1202221	0.1426673	0.07445724	-0.008969451
UID_9225_9287_sorted	UID_9225_9287_sorted	-0.266231	-0.01524661	0.114326	0.1032764	0.1387116	-0.05718201	-0.1554619	-0.17728	-0.100927	0.0377488
UID_9234_9239_sorted	UID_9234_9239_sorted	0.2929749	-0.1236732	0.1087016	-0.5175136	0.1917192	0.1832848	-0.01792418	-0.06740251	-0.09303792	0.06070426
UID_9237_10013_sorted	UID_9237_10013_sorted	-0.1334594	0.02939098	-0.09947048	-0.07887622	-0.001553436	-0.1201483	0.06419881	0.1534797	0.2745781	0.4591052
UID_9257_9422_sorted	UID_9257_9422_sorted	-0.2828165	-0.01408013	0.06161092	0.05297589	-0.06350064	0.1401844	0.005069167	-0.1112701	-0.007861486	-0.01049114
UID_9260_9253_sorted	UID_9260_9253_sorted	0.0239473	0.09636427	0.3974102	0.14379	0.2385522	-0.09863956	-0.2592232	0.09290425	0.06131827	-0.01032046
UID_9268_9416_sorted	UID_9268_9416_sorted	-0.1692754	-0.05271013	0.04682886	0.08379711	0.07458798	-0.04518086	-0.03505778	-0.1570502	-0.05203334	0.05131834
UID_9276_9291_sorted	UID_9276_9291_sorted	-0.3893778	-0.0446609	-0.2032161	-0.07060546	0.006605226	-0.07592698	0.03061544	0.02424799	-0.02136906	0.01104655
UID_9278_9522_sorted	UID_9278_9522_sorted	0.1412601	0.002979755	0.07084429	-0.07465865	0.001125035	0.01651958	0.03641395	0.08502885	-0.02642771	-0.01288643
UID_9280_10283_sorted	UID_9280_10283_sorted	-0.4265112	-0.07419825	-0.2777578	-0.1025594	0.01472066	-0.1021341	0.02646974	0.06317589	0.01777081	0.03294537
UID_9281_9502_sorted	UID_9281_9502_sorted	-0.3020295	0.01463786	0.05578082	0.04577355	-0.2346369	0.4044427	-0.07340622	0.08819644	0.04320522	-0.01810036
UID_9296_4421_sorted	UID_9296_4421_sorted	-0.2581291	0.01939811	0.0572088	0.02681814	-0.2616018	0.3977487	-0.02476226	0.1400435	0.06525926	0.02800245
UID_9304_8601_sorted	UID_9304_8601_sorted	-0.2553835	-0.005453457	0.09794279	0.06419414	-0.01517704	0.07931984	-0.002412685	-0.1498879	-0.0389324	0.001641282
UID_9330_9420_sorted	UID_9330_9420_sorted	0.004440935	0.08388022	0.3292692	0.1290708	0.2717287	-0.1469412	-0.3579436	0.2569072	0.140422	-0.06680284
UID_9340_9341_sorted	UID_9340_9341_sorted	0.316162	-0.4899482	-0.1240682	0.2431696	-0.01413355	0.01541994	0.02391671	0.04069776	-0.03863281	0.03661013
UID_9351_9369_sorted	UID_9351_9369_sorted	0.2379044	0.4063209	-0.258312	0.1491317	-0.007899932	0.02301994	-0.04897486	-0.09174409	0.1280441	-0.0892603
UID_9353_9355_sorted	UID_9353_9355_sorted	0.1510729	0.3386115	-0.272763	0.1095092	0.02840278	0.01348178	0.008338972	-0.07515375	0.1188396	-0.06432942
UID_9367_9587_sorted	UID_9367_9587_sorted	0.2962443	-0.2304174	-0.0008365368	-0.3490196	0.1894607	0.1661773	-0.05367153	-0.002063639	-0.04062243	-0.1278708
UID_9379_9981_sorted	UID_9379_9981_sorted	0.02534849	-0.2443225	-0.1204254	0.03918231	0.01527149	-0.01889706	0.03973999	0.02693354	-0.02353344	0.03553085
UID_9392_9978_sorted	UID_9392_9978_sorted	0.2960646	0.4654709	-0.243397	0.08869489	0.05765319	0.05744643	0.006757495	0.01793323	-0.1584225	0.02787376
UID_9395_9389_sorted	UID_9395_9389_sorted	0.204273	0.3500295	-0.220751	0.1074424	0.02413109	0.03126965	-0.01737444	-0.0875208	0.1391066	-0.07521793
UID_9396_9397_sorted	UID_9396_9397_sorted	0.2888582	-0.04590669	0.001643808	-0.3566364	0.07662387	0.1088384	-0.0907061	-0.2021876	0.08270786	-0.03766857
UID_9403_9425_sorted	UID_9403_9425_sorted	-0.2642875	-0.008494028	0.1034563	0.09902465	0.122696	-0.03229582	-0.1901754	-0.1530285	-0.09656425	0.03238167
UID_9404_9413_sorted	UID_9404_9413_sorted	-0.09919778	-0.0610251	-0.1443877	-0.1234947	0.02865367	-0.08453413	-0.001883507	0.1095302	0.02739348	-0.3340894
UID_9417_9406_sorted	UID_9417_9406_sorted	-0.2766927	0.01726103	0.0741053	0.04384477	-0.2398227	0.4151113	-0.04846723	0.09501725	0.003674575	-0.02454661
UID_9427_9171_sorted	UID_9427_9171_sorted	-0.3709285	-0.04478286	-0.2299881	-0.0957476	0.03872898	-0.1253514	0.03696248	0.001143352	-0.05076333	-0.06289382
UID_9429_9439_sorted	UID_9429_9439_sorted	-0.2006262	-0.007029119	0.04711182	0.04685902	0.08453495	-0.03087306	-0.1265572	-0.09100414	-0.08879023	-0.019294
UID_9437_9438_sorted	UID_9437_9438_sorted	0.2703437	0.4207157	-0.2667368	0.1281699	0.08761244	0.06992169	-0.003009792	0.01015227	-0.08402036	0.05071386
UID_9446_9322_sorted	UID_9446_9322_sorted	0.2405037	-0.02732134	0.07582798	-0.04180131	-0.3977579	-0.2593045	-0.1727364	-0.07436338	-0.1201198	0.03479163
UID_9447_9431_sorted	UID_9447_9431_sorted	-0.2067753	-0.08142042	-0.1676683	-0.159285	0.03711581	-0.02785743	0.02444115	0.02969046	-0.00437826	0.02242357
UID_9448_9449_sorted	UID_9448_9449_sorted	0.3070941	0.4828483	-0.2892671	0.1215933	0.1235574	0.0888848	0.01396057	0.03135207	-0.1170586	0.05713117
UID_9451_9426_sorted	UID_9451_9426_sorted	-0.4253104	-0.06557487	-0.2359583	-0.08304018	0.01261073	-0.09319798	0.04119848	0.02772869	-0.008373938	-0.008597326
UID_9475_4418_sorted	UID_9475_4418_sorted	-0.2481083	-0.003073697	0.02426489	0.03322134	-0.1991622	0.3105612	-0.03396666	0.1051547	0.0555104	0.0006835181
UID_9489_9481_sorted	UID_9489_9481_sorted	0.2945512	-0.02843561	0.01983471	-0.4373185	0.1004274	0.1161778	-0.0967151	-0.2341012	0.1155132	-0.08950208
UID_9496_9398_sorted	UID_9496_9398_sorted	0.303291	-0.3659689	-0.03618105	-0.07115017	0.07457674	0.07855085	-0.004162114	-0.02442186	-0.03128006	0.02019942
UID_9500_10123_sorted	UID_9500_10123_sorted	-0.2687802	0.03158572	0.07476339	0.0542258	-0.2453179	0.4303962	-0.0466191	0.09609592	-0.01079556	-0.04063457
UID_9521_8460_sorted	UID_9521_8460_sorted	-0.2819602	-0.0148183	0.0735636	0.06668538	0.1020521	-0.0584352	-0.1819275	-0.1352734	-0.1014024	-0.03614021
UID_9524_9523_sorted	UID_9524_9523_sorted	0.2747023	0.4461231	-0.2834708	0.1532366	0.02816247	0.03574135	-0.02597367	-0.09047072	0.1551736	-0.07527105
UID_9537_10197_sorted	UID_9537_10197_sorted	-0.2773762	0.003437416	0.0945886	0.06728753	-0.215149	0.3672492	-0.06320529	0.03920546	0.02205827	-0.05184245
UID_9540_9544_sorted	UID_9540_9544_sorted	-0.2667465	-0.01794236	0.07569902	0.07029317	0.1337848	-0.05904692	-0.1587982	-0.1508552	-0.1203211	0.05545533
UID_9543_9539_sorted	UID_9543_9539_sorted	0.2969326	0.4620124	-0.2585777	0.1212171	0.1220029	0.07537009	0.039767	0.02892991	-0.1411056	0.04839776
UID_9548_9538_sorted	UID_9548_9538_sorted	-0.2594616	0.005798765	0.1035102	0.09505694	0.1395822	-0.07429393	-0.1568575	-0.1614515	-0.1199669	0.009359542
UID_9559_9553_sorted	UID_9559_9553_sorted	0.2871672	-0.03131361	0.08917112	-0.08607804	-0.4530127	-0.2825646	-0.1299339	-0.07765393	-0.1104604	0.02633158
UID_9562_9473_sorted	UID_9562_9473_sorted	-0.09427435	-0.08256629	-0.1595368	-0.1238993	0.0169111	-0.07942842	-0.01224517	0.1258968	0.02404232	-0.3233007
UID_9563_9466_sorted	UID_9563_9466_sorted	0.2777448	-0.006857353	0.07158058	-0.08498386	-0.4668834	-0.2829517	-0.1768667	-0.03474427	-0.1420921	0.01497278
UID_9564_9469_sorted	UID_9564_9469_sorted	-0.08670656	-0.07875771	-0.1613239	-0.09966621	0.02733875	-0.06591096	-0.03373588	0.1063359	0.05834625	-0.3331831
UID_9570_9002_sorted	UID_9570_9002_sorted	-0.2273023	0.01992224	0.02846982	-0.008508962	0.07189744	-0.08916842	-0.01754775	-0.1114068	-0.09575436	-0.0396513
UID_9572_10366_sorted	UID_9572_10366_sorted	-0.2569641	-0.01563029	0.08692855	0.06259885	-0.02855909	0.1003318	0.01335503	-0.1155009	-0.002349704	0.019586
UID_9577_6214_sorted	UID_9577_6214_sorted	0.2929192	0.465521	-0.288985	0.1333952	-0.01200221	0.02583917	-0.05594212	-0.1015513	0.08957445	-0.1258346
UID_9579_9547_sorted	UID_9579_9547_sorted	0.3061712	-0.5160108	-0.1173621	0.2437739	-0.01719703	0.01082408	0.03144817	0.03286989	-0.0264647	0.002613549
UID_9583_10038_sorted	UID_9583_10038_sorted	-0.2921941	-0.0378276	-0.1962449	-0.07556341	0.0007397805	-0.07199719	0.01052864	0.03354248	-0.02846012	-0.07939865
UID_9592_9357_sorted	UID_9592_9357_sorted	-0.2728476	-0.016518	0.08688427	0.09184314	0.09810531	-0.04252025	-0.1393006	-0.1481494	-0.1097512	0.04797282
UID_9593_9542_sorted	UID_9593_9542_sorted	0.2030283	0.1281136	-0.01878104	-0.09167245	-0.07412104	-0.03955072	-0.06371642	-0.1008684	0.2349267	0.09992673
UID_9627_9643_sorted	UID_9627_9643_sorted	-0.1682596	0.02143847	-0.02760285	-0.03769747	0.00823813	-0.06739905	0.03657695	0.01923368	-0.04183985	0.02042424
UID_9628_9608_sorted	UID_9628_9608_sorted	-0.3957266	-0.05802977	-0.237909	-0.09130177	0.009181248	-0.1020801	0.0642841	0.03766566	-0.004196743	0.001828303
UID_9644_9228_sorted	UID_9644_9228_sorted	-0.354244	-0.05270795	-0.1889803	-0.06053784	0.03691669	-0.09313313	0.003177557	-0.008345616	-0.03698022	0.03746887
UID_9662_10178_sorted	UID_9662_10178_sorted	-0.2542075	-0.01179093	0.06249826	0.04999586	0.09315229	-0.08431757	-0.03986872	-0.1666703	-0.05234094	0.01355955
UID_9747_8635_sorted	UID_9747_8635_sorted	-0.3990781	-0.05168864	-0.2081298	-0.08061192	0.02071602	-0.1139279	0.03834294	0.01937979	0.000427071	0.01129992
UID_9748_9728_sorted	UID_9748_9728_sorted	-0.4125713	-0.0568214	-0.2135084	-0.07432909	0.0180882	-0.08379095	0.0199403	0.001912782	-0.03678271	-0.00332017
UID_9757_9008_sorted	UID_9757_9008_sorted	0.3193437	-0.173919	0.07231841	-0.5156928	0.2263639	0.2199193	-0.04076763	-0.005799253	-0.05152756	-0.06673373
UID_9829_9831_sorted	UID_9829_9831_sorted	-0.1852802	-0.1187491	-0.1870282	-0.05141009	-0.0002651321	-0.08956299	0.0295087	0.05511571	-0.00275248	-0.07842375
UID_9843_9684_sorted	UID_9843_9684_sorted	0.2883704	-0.1044038	0.101368	-0.543751	0.2103383	0.2077607	-0.041916	-0.01818666	-0.07672646	-0.03688926
UID_9851_9852_sorted	UID_9851_9852_sorted	0.2943802	-0.1499703	0.07345449	-0.4933808	0.2062361	0.1863108	-0.02403593	-0.04414325	-0.09696025	0.03356344
UID_9898_8637_sorted	UID_9898_8637_sorted	-0.4030595	-0.04919186	-0.1928494	-0.06957026	0.02846469	-0.09165384	0.01441079	0.001807279	-0.02260953	0.009288167
UID_9911_9902_sorted	UID_9911_9902_sorted	-0.4257472	-0.05652882	-0.2763407	-0.1145001	0.01324792	-0.105629	-0.002326144	0.05232751	-0.0432079	-0.1305269
UID_9914_9390_sorted	UID_9914_9390_sorted	0.2949182	0.48629	-0.2913578	0.1552259	0.007530304	0.03048904	-0.04392722	-0.1094827	0.1224877	-0.08685715
UID_9926_4419_sorted	UID_9926_4419_sorted	0.1152401	0.09659101	-0.003252535	-0.06387549	-0.02177259	-0.09161342	0.05578193	0.1577858	0.3218913	0.5574554
UID_9934_10109_sorted	UID_9934_10109_sorted	0.1618122	-0.08581609	-0.004957943	0.008427316	-0.08215851	-0.0528038	0.01140415	0.02895727	0.04878344	0.1394786
UID_9937_9948_sorted	UID_9937_9948_sorted	0.282084	-0.406897	-0.06644802	0.1830656	-0.02307968	-0.003888073	0.03143287	0.04904093	-0.04750622	0.07008098
UID_9942_10151_sorted	UID_9942_10151_sorted	0.2669852	0.4683879	-0.29464	0.1793612	0.03996256	0.03881242	-0.01579561	-0.08513458	0.1569253	-0.08681561
UID_9945_9474_sorted	UID_9945_9474_sorted	0.3219071	-0.4586168	-0.1114634	0.003322246	0.06007032	0.08339937	-0.0336997	0.005473203	0.006387719	-0.1287756
UID_9952_9490_sorted	UID_9952_9490_sorted	-0.4057877	-0.05889146	-0.2494504	-0.1025842	0.01277606	-0.0872051	0.03989354	0.06260465	0.0173379	0.01359106
UID_9954_9924_sorted	UID_9954_9924_sorted	0.3156947	-0.09980514	0.07052572	-0.5465959	0.2224908	0.2145259	-0.04989381	-0.007483894	-0.08478767	-0.04627386
UID_9964_10271_sorted	UID_9964_10271_sorted	0.3232601	-0.5373649	-0.133374	0.2377382	-0.00903251	-0.008371242	0.04031902	0.03548842	-0.02497497	0.05849188
UID_9979_9976_sorted	UID_9979_9976_sorted	-0.4156971	-0.05662254	-0.268398	-0.1135578	0.003076725	-0.07771257	0.003321679	0.05615443	-0.03977001	-0.1084922
UID_9984_9382_sorted	UID_9984_9382_sorted	0.1140471	0.09363104	0.1761828	-0.03020955	-0.04683158	7.932631e-05	0.1396875	0.1010972	0.002628762	0.01158021
