FID	IID	PC1	PC2	PC3	PC4	PC5	PC6	PC7	PC8	PC9	PC10
cUID_unk_4167_marmot4167_sorted	cUID_unk_4167_marmot4167_sorted	0.052968	-0.01560242	0.2413011	-0.2095349	-0.240611	-0.05062265	0.5631605	-0.06897587	-0.01748613	-0.06151934
RMBL_marmot_05-06_sorted	RMBL_marmot_05-06_sorted	-0.4057706	-0.03151711	-0.2578416	-0.01096613	0.03771721	-0.03391637	0.04266771	0.1975733	0.3186294	0.1090544
RMBL_marmot_no_label_MS125_May2024_sorted	RMBL_marmot_no_label_MS125_May2024_sorted	-0.4057456	-0.0319706	-0.2576208	-0.01120227	0.03718866	-0.03380451	0.04247565	0.197495	0.3184601	0.1091801
UID_10009_10025_sorted	UID_10009_10025_sorted	0.5327075	-0.4021843	-0.04493278	0.1854519	0.04770929	-0.1593488	-0.04501082	-0.03625014	-0.1596775	-0.05310652
UID_10010_10019_sorted	UID_10010_10019_sorted	-0.4481695	-0.09183678	-0.1593129	-0.0170207	-0.05775455	-0.01570295	-0.1008134	-0.3234822	0.05220112	-0.2335385
UID_10021_10134_sorted	UID_10021_10134_sorted	-0.02778583	0.08448258	-0.1148571	0.04680079	-0.07187059	-0.02245725	0.04913824	-0.06890527	0.03749655	-0.03808048
UID_10041_9876_sorted	UID_10041_9876_sorted	-0.2476999	-0.04081937	0.1096372	-0.1015214	-0.06929682	-0.2956288	-0.04988616	-0.06900166	0.05193478	0.250593
UID_10048_10061_sorted	UID_10048_10061_sorted	-0.3484416	-0.1607802	0.0003665448	-0.02392069	-0.1158446	-0.09724657	-0.1896389	-0.1064094	-0.3180536	-0.02159731
UID_10052_10034_sorted	UID_10052_10034_sorted	-0.3262124	-0.04623373	0.07732179	-0.08982077	-0.04446188	0.01545501	-0.1953212	-0.2010585	-0.2299363	-0.06494036
UID_10054_10194_sorted	UID_10054_10194_sorted	0.5396902	-0.3149182	0.08600071	0.2664339	0.03702038	-0.08094698	0.02817413	-0.001360041	-0.1003147	-0.1616472
UID_10056_10055_sorted	UID_10056_10055_sorted	-0.3049739	-0.1316771	-0.2987476	0.148909	0.1781111	-0.06335282	-0.1045516	0.2587828	0.07586363	-0.1868228
UID_10067_10185_sorted	UID_10067_10185_sorted	-0.03040479	0.1745152	-0.047078	0.02409071	0.4312615	-0.2361185	-0.01700059	-0.2594439	0.04033227	0.1488194
UID_10070_10071_sorted	UID_10070_10071_sorted	-0.4333365	-0.09644064	-0.3870337	-0.09496507	0.02185331	0.2117801	-0.03484374	0.009823874	-0.1777467	0.04316373
UID_10073_10028_sorted	UID_10073_10028_sorted	0.3770637	0.132573	-0.08300919	-0.2605908	0.1638462	-0.1626358	0.00121172	0.05400702	-0.02460154	-0.1004122
UID_10083_10001_sorted	UID_10083_10001_sorted	-0.2499148	0.01591971	0.4718068	-0.08009295	0.02925847	0.4099245	-0.2995034	-0.03603606	0.0621756	0.1517349
UID_10089_10098_sorted	UID_10089_10098_sorted	0.3172127	0.004919547	-0.03038366	0.02728807	0.5002825	-0.1149758	-0.1072621	0.02076016	0.08158353	-0.01918866
UID_10095_10094_sorted	UID_10095_10094_sorted	0.4211775	-0.142982	-0.1293586	0.137927	0.04358477	0.06741525	-0.05330881	-0.02855622	-0.1162587	-0.01778841
UID_10100_10005_sorted	UID_10100_10005_sorted	0.100876	0.4591139	-0.09028967	0.2033925	-0.1962069	0.02610375	-0.06712272	-0.1289769	-0.0113255	0.01094227
UID_10106_4466_sorted	UID_10106_4466_sorted	0.1805193	0.4361033	-0.03405051	0.1972611	-0.02692102	-0.001391705	-0.03092882	-0.1147	-0.003749926	0.01276704
UID_10112_6205_sorted	UID_10112_6205_sorted	-0.2896754	0.01977242	-0.3156646	-0.03296024	0.1920427	0.1908418	-0.01501669	0.4732172	-0.03209761	0.1231267
UID_10145_10372_sorted	UID_10145_10372_sorted	-0.309103	-0.2060047	0.03389441	-0.06540156	-0.09789217	-0.3048922	-0.1974655	-0.07078588	0.1623549	-0.1408253
UID_10146_10130_sorted	UID_10146_10130_sorted	0.3249208	0.1140516	-0.04555448	-0.215381	0.1037834	-0.06185334	0.08343257	0.1353566	0.002201741	-0.06615404
UID_10147_10132_sorted	UID_10147_10132_sorted	0.6061595	-0.4350007	-0.01483457	0.1730402	0.08950081	-0.0491163	-0.1043985	-0.01155278	-0.03631718	-0.1052615
UID_10148_9348_sorted	UID_10148_9348_sorted	-0.2063938	-0.07972261	0.07731115	-0.02555248	-0.03996199	-0.1013924	-0.0008722824	0.04108641	-0.02147972	0.3341174
UID_10150_9248_sorted	UID_10150_9248_sorted	-0.002629067	0.1959445	0.2241239	-0.05071887	0.5006136	-0.1577035	-0.01817696	-0.2321171	-0.02236537	0.1437742
UID_10155_10111_sorted	UID_10155_10111_sorted	0.07858768	0.2156984	0.08691984	0.1058492	0.4572498	-0.2265776	-0.0493676	-0.1184437	0.04585647	0.06001737
UID_10159_10161_sorted	UID_10159_10161_sorted	0.6651434	-0.3583337	-0.187491	-0.07663627	-0.2575214	0.1195461	0.04342642	-0.0348497	0.116458	0.02319114
UID_10165_10102_sorted	UID_10165_10102_sorted	0.2666479	0.2417457	-0.1503877	-0.3429544	-0.007311378	-0.1262338	0.006525269	0.08819613	-0.03819043	0.1175639
UID_10166_10168_sorted	UID_10166_10168_sorted	0.288093	-0.2237486	-0.01159289	0.2045967	0.01635137	-0.04131095	-0.09414324	0.06602898	-0.09384121	0.05189789
UID_10172_10167_sorted	UID_10172_10167_sorted	0.5683183	-0.3183067	-0.1709233	-0.09944726	-0.214491	-0.02748116	-0.1373081	0.04741249	0.125943	0.01261544
UID_10175_10121_sorted	UID_10175_10121_sorted	0.7426866	-0.3608409	-0.005687847	0.2200666	-0.03725276	0.1242481	0.06223163	-0.05469578	0.004593175	0.1157004
UID_10176_10035_sorted	UID_10176_10035_sorted	-0.3895539	-0.216427	0.1130653	-0.006336066	0.05901027	-0.1645494	0.0008001133	0.1719512	-0.1802682	-0.04505248
UID_10181_10436_sorted	UID_10181_10436_sorted	-0.3642664	-0.009660243	0.1862421	0.06503856	-0.05281184	-0.2225807	0.1363515	0.1203456	-0.2945306	0.06717375
UID_10187_9267_sorted	UID_10187_9267_sorted	-0.02723501	-0.1264583	-0.06017937	0.05033448	0.01198117	-0.04554213	-0.2038093	-0.06961179	-0.2006304	-0.1440647
UID_10189_10179_sorted	UID_10189_10179_sorted	-0.2372418	-0.230624	0.1591672	0.3567673	0.0575841	-0.08171604	0.09382807	0.1450609	0.0668567	-0.1526623
UID_10200_10928_sorted	UID_10200_10928_sorted	0.159465	0.6164953	-0.09107403	0.231346	-0.05056416	0.1260606	-0.02830069	-0.05783986	0.03454954	-0.003356597
UID_10212_10207_sorted	UID_10212_10207_sorted	-0.1963738	0.03212078	0.1179158	0.006687569	-0.08644732	-0.06571626	-0.3202112	-0.1738888	-0.04559369	0.03074128
UID_10215_9310_sorted	UID_10215_9310_sorted	0.2670209	-0.2099233	0.05578608	0.1405369	-0.004662457	0.08800321	-0.03299093	0.03483462	0.03537587	-0.08071223
UID_10218_10220_sorted	UID_10218_10220_sorted	0.1366461	0.5297607	-0.1502044	0.1332385	-0.09996401	0.0472253	-0.02419238	-0.08462757	0.05233963	-0.01282282
UID_10221_10219_sorted	UID_10221_10219_sorted	-0.3253505	-0.1535564	0.0319404	0.08467563	-0.1275078	-0.1425355	-0.1628697	-0.1716533	-0.1400957	-0.03452483
UID_10222_10214_sorted	UID_10222_10214_sorted	-0.1140244	0.2199138	-0.07057582	0.1513864	0.16052	0.1465978	-0.0220652	0.2799424	-0.1029258	-0.0433957
UID_10225_10242_sorted	UID_10225_10242_sorted	-0.2766868	-0.1513983	-0.09565384	-0.1487636	-0.1501008	-0.1791571	-0.06021715	-0.294969	0.2869385	-0.2257675
UID_10235_10085_sorted	UID_10235_10085_sorted	0.2307218	0.2398491	-0.0930603	0.08991092	-0.1033557	-0.008467802	0.06665385	-0.04413912	0.08880737	0.01455514
UID_10243_10245_sorted	UID_10243_10245_sorted	-0.2861163	-0.1397545	-0.02018986	-0.089982	-0.1582192	-0.1164944	-0.2174009	-0.1786729	0.2131572	-0.06355619
UID_10248_10247_sorted	UID_10248_10247_sorted	-0.08153145	0.0171242	0.5672911	-0.03583781	0.150742	0.5211978	-0.1236124	0.01613909	0.08125646	0.1423305
UID_10249_10250_sorted	UID_10249_10250_sorted	0.2079826	0.05066424	-0.02575163	0.04291871	0.1275635	0.005734526	-0.05095081	-0.04986427	0.002394582	0.06994395
UID_10252_10295_sorted	UID_10252_10295_sorted	-0.3633289	-0.1574627	0.1231995	0.1928488	0.0433015	0.1049322	0.06702125	0.21273	0.05588732	-0.1484151
UID_10254_10256_sorted	UID_10254_10256_sorted	0.3045631	0.1648346	-0.1528447	-0.3027234	-0.03855614	-0.05024111	-0.1272028	0.1343015	0.0110319	-0.17172
UID_10260_10255_sorted	UID_10260_10255_sorted	0.3093862	0.0729123	-0.1022997	-0.1544273	0.04229241	0.01005295	-0.1384789	0.0707468	0.02018045	0.06938545
UID_10261_10262_sorted	UID_10261_10262_sorted	0.3198265	0.1734323	-0.1426861	-0.3470888	-0.06747439	0.01262616	-0.05840369	0.2805941	0.06560943	0.0149401
UID_10266_10265_sorted	UID_10266_10265_sorted	0.06432958	0.5663182	-0.02800377	0.1864025	-0.1116995	-0.09446811	-0.1134001	0.0903735	-0.0157791	-0.1286849
UID_10276_10092_sorted	UID_10276_10092_sorted	-0.3965164	-0.1586465	-0.1692786	-0.1743688	-0.1234646	-0.1137022	-0.08435689	-0.3360212	0.1034996	-0.2980347
UID_10279_10282_sorted	UID_10279_10282_sorted	0.2744817	0.01630364	-0.04585366	0.0737664	0.2632464	-0.2558216	-0.139777	-0.05400663	0.1002536	0.07715077
UID_10287_10267_sorted	UID_10287_10267_sorted	0.6108279	-0.5191657	0.0169315	0.2634846	-0.01400904	0.00530387	0.01864323	-0.05672305	0.04293128	0.02763359
UID_10292_10398_sorted	UID_10292_10398_sorted	0.6785751	-0.3887048	0.05658849	0.2107008	-0.1403533	0.02770128	0.09959105	-0.1233021	0.009762297	0.1075581
UID_10293_10289_sorted	UID_10293_10289_sorted	0.004681322	0.05158778	0.260258	-0.0659227	0.06249992	0.4294673	-0.1274171	0.03560898	-0.03744094	0.08936541
UID_10300_10286_sorted	UID_10300_10286_sorted	0.1801244	-0.1446671	0.02121339	0.05642431	-0.0132767	0.02903644	-0.01169157	-0.067965	0.02838428	-0.01513695
UID_10304_10333_sorted	UID_10304_10333_sorted	-0.1391649	0.04751176	-0.3117783	0.02083068	0.1504514	0.08457249	0.2629518	-0.1831501	0.04160402	0.04646831
UID_10318_9454_sorted	UID_10318_9454_sorted	-0.4041138	-0.1144406	0.1076212	-0.06318526	0.04036804	0.2998907	-0.1714918	-0.1818987	-0.06101396	0.08918292
UID_10327_10348_sorted	UID_10327_10348_sorted	-0.2057622	-0.07138601	0.1002944	0.07538596	-0.05678868	-0.1612697	0.07855524	0.01526374	-0.1511504	0.1337704
UID_10332_10412_sorted	UID_10332_10412_sorted	-0.4504966	-0.188327	0.1468003	-0.04089596	0.1170328	0.3956077	-0.2246857	-0.2213132	-0.20939	-0.09754904
UID_10337_10361_sorted	UID_10337_10361_sorted	0.242365	0.5093216	-0.1552369	0.09486422	-0.2307431	0.02297792	0.1308804	-0.1663727	0.106151	0.3661528
UID_10339_10402_sorted	UID_10339_10402_sorted	-0.2431817	0.06339164	-0.2438338	-0.1908464	0.2524061	0.1759319	0.196763	-0.187535	-0.01412965	0.07006718
UID_10341_10403_sorted	UID_10341_10403_sorted	-0.3504097	-0.1114302	0.09791104	0.01413645	0.02902027	0.4054539	-0.2434662	-0.3241719	-0.2062554	0.09816664
UID_10343_10345_sorted	UID_10343_10345_sorted	-0.2601884	-0.131655	-0.006911784	-0.05243995	-0.05003506	-0.3465098	-0.06141156	0.0683158	-0.1506265	0.318449
UID_10354_10305_sorted	UID_10354_10305_sorted	-0.1444003	0.0467081	-0.2675046	-0.1511542	0.2295873	0.1762733	0.3229553	-0.2883914	-0.1084573	-0.04171101
UID_10357_10359_sorted	UID_10357_10359_sorted	-0.2824445	-0.09693988	0.007576505	-0.04849249	-0.02345175	-0.1571023	-0.2094725	-0.09657677	0.0519627	-0.1474948
UID_10363_10311_sorted	UID_10363_10311_sorted	0.2301613	0.5887218	-0.160854	0.04795659	-0.1397293	-0.0698048	0.09011113	-0.04897393	0.03315916	0.3426528
UID_10369_10008_sorted	UID_10369_10008_sorted	0.6288546	-0.3848579	0.111643	0.20877	-0.03764539	0.04746215	0.06558558	-0.04571976	-0.0151818	0.08654081
UID_10371_10389_sorted	UID_10371_10389_sorted	0.5854979	-0.4105294	-0.03430863	0.2134773	-0.2007034	0.1606846	0.1526062	-0.1685839	0.03578168	0.0654065
UID_10382_10273_sorted	UID_10382_10273_sorted	-0.3227255	0.06269116	0.07940023	-0.121171	-0.1062252	-0.1377656	-0.04118097	0.1136531	-0.2787957	0.3024115
UID_10386_10383_sorted	UID_10386_10383_sorted	-0.5024724	-0.3130645	-0.394949	-0.1420526	-0.004047875	0.1105824	-0.01161107	-0.2118659	-0.100468	0.06373709
UID_10388_10375_sorted	UID_10388_10375_sorted	0.6316474	-0.387194	-0.02295103	0.261588	-0.2371273	0.0194503	0.2298689	-0.03586854	0.01243214	0.04106198
UID_10407_10302_sorted	UID_10407_10302_sorted	-0.1700275	-0.05791318	0.09753329	-0.01964769	-0.04170865	-0.1073546	0.1261279	0.05038197	-0.2099144	0.137946
UID_10409_10353_sorted	UID_10409_10353_sorted	0.1543242	0.6707325	-0.2243942	0.1099415	-0.1537797	-0.02283477	0.08998776	-0.05964342	0.03026613	0.3686312
UID_10416_10422_sorted	UID_10416_10422_sorted	-0.2857445	-0.06344607	0.179692	0.00332397	-0.1156666	-0.1139294	-0.01910586	0.1499571	0.006037232	0.3776169
UID_10418_10051_sorted	UID_10418_10051_sorted	-0.2752859	-0.1691694	0.1847165	0.06945179	-0.2089603	-0.2139455	-0.06297779	0.09978366	-0.03700324	0.2366653
UID_10421_4461_sorted	UID_10421_4461_sorted	-0.4225769	-0.0439812	0.07310743	-0.005469763	-0.07685613	-0.03118039	0.02458007	0.1391366	-0.1191811	0.2989296
UID_10437_10428_sorted	UID_10437_10428_sorted	-0.2267615	-0.04652732	-0.2286821	-0.1458434	0.1410576	0.093968	0.3024582	-0.162135	0.1166579	-0.0873696
UID_19_46_sorted	UID_19_46_sorted	-0.07248383	-0.0972016	0.1965562	-0.3056201	-0.05168066	0.04653117	0.5304363	-0.1154706	-0.1647349	-0.2431783
UID_2686_2690_sorted	UID_2686_2690_sorted	-0.02239767	-0.004761248	0.400869	-0.06656469	0.005256838	0.07660809	0.05411776	-0.07207086	-0.03387304	0.0009898967
UID_2793_2821_sorted	UID_2793_2821_sorted	-0.06122292	0.05739505	0.3791227	-0.1102339	0.0344215	-0.02884533	0.2323996	0.04534096	-0.08300626	-0.05796888
UID_2805_2809_sorted	UID_2805_2809_sorted	0.130259	0.1040306	0.4095664	0.01909646	0.1168602	-0.01660089	0.2692729	0.00161254	-0.03661829	-0.04009973
UID_2822_2876_sorted	UID_2822_2876_sorted	0.05727888	0.09832365	0.1973881	-0.1731618	-0.08206564	-0.04759537	0.2968017	0.1159161	-0.08607775	-0.3143496
UID_3166_3174_sorted	UID_3166_3174_sorted	0.04508331	-0.02447358	0.2314758	-0.2141124	-0.2403495	-0.04192993	0.5769446	-0.06945946	-0.0102925	-0.07649227
UID_37_247_sorted	UID_37_247_sorted	0.0250443	0.1054429	0.4162303	-0.1061114	0.1324924	0.0005487119	0.03725721	-0.08989771	-0.00579603	-0.1399043
UID_4052_4051_sorted	UID_4052_4051_sorted	0.07735248	-0.04896842	0.0999287	-0.1622743	0.15025	0.05157899	0.2229461	-0.04639926	-0.2023699	0.03643169
UID_4229_4217_sorted	UID_4229_4217_sorted	-0.1504742	0.1978708	0.3406562	-0.120855	-0.105077	-0.1984267	-0.03701492	-0.0701399	0.1871312	-0.03172721
UID_4384_noear_sorted	UID_4384_noear_sorted	0.07060458	0.03356467	0.1261711	-0.03449341	0.1672508	-0.02253207	0.1892098	-0.01243988	-0.2188936	0.04341542
UID_4405_10284_sorted	UID_4405_10284_sorted	-0.3047351	-0.08262008	0.2044229	0.2798372	-0.04035044	0.06240327	0.09668142	0.2505613	0.0934202	-0.2465544
UID_4414_9552_sorted	UID_4414_9552_sorted	-0.1942661	0.08844764	0.5142882	-0.05584737	0.1824027	0.6166413	-0.1053642	-0.02358841	0.02927233	0.1639088
UID_4463_6212_sorted	UID_4463_6212_sorted	-0.02276199	0.232505	0.2205763	-0.0138466	0.5531081	-0.2774747	0.09485051	-0.1978559	0.05554035	-0.1322786
UID_4508_4512_sorted	UID_4508_4512_sorted	-0.0275923	-0.09608032	0.02973295	-0.08253908	-0.152525	-0.06531976	0.4307659	-0.03037645	-0.1421831	-0.1929059
UID_4692_4681_sorted	UID_4692_4681_sorted	-0.09756048	0.1750192	0.189599	-0.08852419	-0.03469397	-0.1579932	-0.1034263	0.02240931	0.1627435	0.01965839
UID_48_47_sorted	UID_48_47_sorted	-0.03697356	0.09442353	0.1898303	-0.214207	-0.01781193	-0.01673929	0.3152247	-0.03445301	-0.1092521	-0.2437486
UID_4901_5896_sorted	UID_4901_5896_sorted	0.1017021	0.1277635	0.2811616	0.02603568	-0.00388784	-0.03953638	0.1885801	0.1558252	0.02348145	-0.219616
UID_5263_5249_sorted	UID_5263_5249_sorted	0.01657714	0.2198162	0.2097792	-0.02072494	0.144149	0.09853221	0.09529542	0.1339087	-0.1388381	-0.1202644
UID_5285_5088_sorted	UID_5285_5088_sorted	0.05208582	0.1019037	0.1378347	-0.03567059	-0.06917448	-0.06035093	0.1103337	0.0275377	-0.06408985	-0.1342321
UID_5501_5503_sorted	UID_5501_5503_sorted	-0.0006897965	-0.001788086	0.1932646	-0.2396255	-0.1303019	-1.992587e-05	0.4198505	-0.00174067	-0.02833573	0.06974932
UID_5540_5546_sorted	UID_5540_5546_sorted	-0.07351826	0.03822968	0.45631	0.07426278	-0.07325817	0.009018434	-0.1223676	0.09456695	0.2552533	0.1219375
UID_6687_6677_sorted	UID_6687_6677_sorted	0.7184683	-0.2785587	-0.03645527	-0.09025731	-0.1264799	0.2622604	-0.01638317	-0.08611309	0.1142166	0.1176288
UID_6779_6729_sorted	UID_6779_6729_sorted	-0.1247036	0.07283654	0.3587896	0.1501428	-0.1080173	-0.01871054	-0.1378134	0.02086046	0.2082683	0.0321745
UID_6794_6799_sorted	UID_6794_6799_sorted	-0.09534299	-0.009666921	0.3925109	0.06633663	-0.05349022	-0.0477038	-0.09517079	0.02387425	0.3063335	0.1878404
UID_6835_6898_sorted	UID_6835_6898_sorted	-0.01721748	0.08030072	0.346216	-0.0833358	-0.01539161	-0.2310352	-0.02380048	0.02784714	-0.2182191	-0.2614509
UID_7131_7126_sorted	UID_7131_7126_sorted	-0.1876331	-0.05203849	0.1408724	-0.02276276	-0.3072305	-0.07130377	0.1821316	0.2055058	0.1561548	-0.02817188
UID_7289_6695_sorted	UID_7289_6695_sorted	-0.1414621	0.1203669	0.4009677	-0.01066527	-0.1168338	-0.03004383	-0.1217289	-0.01352628	0.2262927	-0.1090954
UID_7365_7368_sorted	UID_7365_7368_sorted	-0.04721563	0.0604783	0.2429276	-0.07410329	-0.2970707	0.006165046	0.1172002	0.1818631	0.2770359	-0.1040427
UID_7407_7412_sorted	UID_7407_7412_sorted	-0.04163311	0.08695499	0.1812769	0.1232297	0.0749712	0.1643828	0.00895183	0.15216	0.05835445	-0.1005359
UID_7559_7225_sorted	UID_7559_7225_sorted	-0.1126884	-0.2079464	0.3642316	-0.05944345	-0.2407291	-0.07627783	0.09238047	0.003585656	0.3433221	-0.1464765
UID_7565_7355_sorted	UID_7565_7355_sorted	-0.1463285	0.005039105	0.3294201	-0.08174671	-0.1315408	-0.04078308	-0.1122375	-0.0387822	0.3752659	0.1746207
UID_7635_7645_sorted	UID_7635_7645_sorted	-0.1040335	0.04431936	0.4133174	-0.006009074	0.2620311	0.4706728	-0.01323147	0.07649698	0.02254581	0.01962381
UID_7698_7699_sorted	UID_7698_7699_sorted	0.01759175	0.3105495	0.03427837	0.06584842	-0.2036871	-0.09262944	-0.214264	-0.07368566	-0.01751194	-0.1388221
UID_7712_7379_sorted	UID_7712_7379_sorted	0.1379225	0.1983834	0.08359861	-0.00589335	0.4627233	-0.3728314	-0.04870562	-0.09694369	0.164282	-0.03770236
UID_7733_7734_sorted	UID_7733_7734_sorted	0.1023368	0.413858	-0.03247796	0.1724563	-0.06198619	-0.01778589	-0.1805812	-0.02401765	-0.2517046	-0.1538028
UID_8080_9845_sorted	UID_8080_9845_sorted	0.2255268	0.100623	0.03997425	-0.03947465	-0.03000816	-0.04514995	-0.03703634	0.01912133	0.007636506	-0.01045091
UID_8089_8088_sorted	UID_8089_8088_sorted	0.0419768	0.4627585	0.01009813	0.1922323	-0.1545127	-0.01828939	-0.2014478	0.00339853	-0.1630232	-0.2857528
UID_8203_8206_sorted	UID_8203_8206_sorted	-0.1184521	0.04716756	0.2814112	0.07099472	-0.06245602	0.1726595	-0.06044445	0.03431137	0.01494649	-0.07367021
UID_8246_8319_sorted	UID_8246_8319_sorted	-0.4506818	-0.1175516	-0.3708203	-0.1803944	-0.003137432	0.003069822	0.08972199	-0.08496799	0.04024811	0.146933
UID_8254_8259_sorted	UID_8254_8259_sorted	0.2890346	0.07953915	-0.07886427	-0.04653565	0.009201044	0.1526471	0.03690246	0.1168607	-0.05439043	0.01942134
UID_8281_8332_sorted	UID_8281_8332_sorted	0.3363626	-0.06409644	0.03379644	-0.07616209	0.08464704	0.08739385	-0.1270406	0.1527429	-0.06760309	0.03881692
UID_8383_8380_sorted	UID_8383_8380_sorted	0.2046906	0.09315618	-0.03866956	-0.04502985	0.03233635	0.03798783	0.1353734	-0.07504708	0.03395988	0.125408
UID_8429_8725_sorted	UID_8429_8725_sorted	0.1963357	0.09971054	-0.0419777	0.09420752	0.1360085	0.06227918	0.1957497	-0.1695476	0.0760554	0.09714177
UID_8476_8478_sorted	UID_8476_8478_sorted	0.1974946	0.5268715	-0.0894039	0.06089331	-0.180128	0.02549554	-0.1399731	0.0148449	-0.2535766	-0.2552165
UID_8480_8352_sorted	UID_8480_8352_sorted	-0.06114518	0.03323545	0.3926318	-0.01864178	0.03305722	-0.1736518	-0.2718782	-0.02705042	0.02570042	-0.0689253
UID_8491_8492_sorted	UID_8491_8492_sorted	0.1974946	0.5268715	-0.0894039	0.06089331	-0.180128	0.02549554	-0.1399731	0.0148449	-0.2535766	-0.2552165
UID_8513_8503_sorted	UID_8513_8503_sorted	0.4913251	-0.1386403	-0.07241986	-0.05923413	0.02324138	0.1791359	-0.1899433	-0.0358285	0.02011627	0.134432
UID_8536_7837_sorted	UID_8536_7837_sorted	0.5359181	-0.09721756	-0.05724284	-0.2398198	0.04091877	0.05978777	-0.146467	0.1079134	-0.05808585	-0.04270829
UID_8592_8249_sorted	UID_8592_8249_sorted	0.2443128	0.03023316	-0.1981978	-0.5915801	-0.04061468	-0.06804329	-0.136607	0.3095792	0.08616746	-0.06224578
UID_8606_9166_sorted	UID_8606_9166_sorted	0.3577507	0.1181039	-0.04038484	-0.123117	-0.05178624	0.09875153	-0.08226697	0.03247478	0.2283229	0.02232828
UID_8621_8609_sorted	UID_8621_8609_sorted	-0.3211536	-0.05233925	0.1171381	0.1524743	-0.03762737	0.01544666	0.1069696	0.1870467	0.06415725	-0.269973
UID_8649_8640_sorted	UID_8649_8640_sorted	-0.4356389	-0.09177494	-0.1796354	0.2916853	0.1188718	-0.01384928	0.1878565	0.2344319	-0.1237678	-0.2992374
UID_8673_8664_sorted	UID_8673_8664_sorted	0.06935563	0.0779689	-0.03030127	-0.03630702	0.43301	-0.1566837	-0.09811528	-0.06202051	0.1502009	-0.01313569
UID_8680_8696_sorted	UID_8680_8696_sorted	-0.473745	-0.06230412	-0.3265001	0.004053501	-0.0573953	0.252278	-0.2021967	0.2322323	-0.175956	-0.01805392
UID_8689_8684_sorted	UID_8689_8684_sorted	-0.01532125	-0.00859887	0.04252458	-0.002484606	0.01355365	0.008978332	0.008611374	-0.008640606	0.01573402	-0.01114136
UID_8694_8697_sorted	UID_8694_8697_sorted	0.0886529	0.08937701	0.1099247	-0.04809717	0.1240392	0.00787353	-0.08569278	-0.01308209	0.1347455	0.03205672
UID_8718_8745_sorted	UID_8718_8745_sorted	-0.05361797	0.06733522	0.1434589	-0.07727064	0.1940092	-0.2363677	0.1441957	-0.08426583	-0.1248207	-0.252478
UID_8740_8749_sorted	UID_8740_8749_sorted	0.2696614	0.3464397	-0.007721136	0.04724017	0.001519091	0.01287971	0.1699389	0.04296941	0.1662078	0.05662833
UID_8742_8324_sorted	UID_8742_8324_sorted	-0.02296904	0.1707595	0.3874825	-0.1787937	0.06236054	0.2737831	0.01206186	0.002549879	-0.06391817	-0.06457062
UID_8768_8831_sorted	UID_8768_8831_sorted	0.2749715	-0.1753856	0.03259647	0.08089366	0.03402774	-0.05464349	-0.01524396	0.000139273	-0.09920708	0.001355241
UID_8770_8763_sorted	UID_8770_8763_sorted	0.04872877	-0.02161076	-0.05025344	-0.01997315	0.007696336	-0.003247976	-0.01626157	-0.01172909	-0.02621602	0.01206628
UID_8818_10180_sorted	UID_8818_10180_sorted	-0.08469542	0.209867	0.1043632	-0.04459933	0.5951221	-0.08549925	0.07966034	-0.1779191	0.03144623	-0.001364417
UID_8854_8837_sorted	UID_8854_8837_sorted	0.2323848	0.08568473	-0.06832187	0.1859483	0.04754786	0.02982813	0.2205796	-0.06655797	0.1124115	0.1751335
UID_8863_8857_sorted	UID_8863_8857_sorted	0.445475	-0.1173085	-0.0631117	-0.1356666	0.08185326	-0.01404733	0.02832768	0.105176	-0.1558653	-0.07124755
UID_8864_8871_sorted	UID_8864_8871_sorted	0.7030331	-0.4855381	0.00230572	0.2684474	-0.05904262	-0.0164097	0.02223107	-0.07115297	-0.02074521	-0.05974622
UID_8878_8876_sorted	UID_8878_8876_sorted	0.5852687	-0.3052098	0.001920604	0.06881618	-0.1119606	0.1336685	0.1658325	-0.04029725	0.01859287	0.1455834
UID_8896_10188_sorted	UID_8896_10188_sorted	0.5351312	-0.4241508	-0.01215219	0.2542631	-0.01410487	0.03859458	0.1028294	-0.09537608	0.1192693	0.03796647
UID_8918_8385_sorted	UID_8918_8385_sorted	-0.3784293	0.05041353	-0.1860371	0.01130131	-0.07115679	0.1122337	-0.03974879	0.3149901	0.03053237	-0.01732551
UID_8943_8950_sorted	UID_8943_8950_sorted	0.2921664	-0.01795304	0.004022356	0.05704776	0.03464921	0.01101858	0.03809363	-0.05168194	0.07539279	0.1147013
UID_8944_8934_sorted	UID_8944_8934_sorted	0.4040314	-0.2279748	0.04240576	0.1660198	0.03871664	-0.03912222	-0.1033992	0.01426386	-0.2555399	-0.02571272
UID_8945_8023_sorted	UID_8945_8023_sorted	0.2975867	-0.1716052	-0.03119886	0.06635033	0.05980316	-0.06167949	0.01792615	-0.05820458	-0.03481678	0.08054552
UID_8961_8625_sorted	UID_8961_8625_sorted	-0.3890288	-0.06160986	-0.2221759	0.01659322	-0.01217299	0.2624471	0.2552251	0.11507	-0.1117589	0.0658599
UID_8986_8990_sorted	UID_8986_8990_sorted	-0.3158087	0.04729152	-0.2048073	0.1559167	0.03221176	0.0127737	0.2831352	0.02321017	0.0303449	-0.0679629
UID_9053_9067_sorted	UID_9053_9067_sorted	-0.4400081	-0.1434558	-0.1268932	0.1448393	0.008694327	0.05599495	0.1048718	0.2352621	0.2006582	0.09647306
UID_9054_9063_sorted	UID_9054_9063_sorted	-0.4877022	-0.1982298	-0.211768	-0.03871324	-0.1235654	0.148586	-0.04672625	-0.3008917	-0.1634767	-0.05611325
UID_9055_9061_sorted	UID_9055_9061_sorted	-0.4966324	-0.05950825	-0.3489853	-0.01942315	0.032629	0.1451516	0.2463317	-0.07515406	-0.1858657	0.04946419
UID_9064_9065_sorted	UID_9064_9065_sorted	-0.2530152	-0.06057074	-0.2336424	0.03359478	-0.01121967	-0.2377026	0.007221056	0.0004142459	0.1427072	0.12169
UID_9069_9070_sorted	UID_9069_9070_sorted	0.2641183	0.3433725	-0.04214253	-0.001013879	-0.116962	0.005401728	0.05369489	0.05109262	-0.04288095	-0.06765393
UID_9074_9906_sorted	UID_9074_9906_sorted	-0.5380341	-0.254251	-0.1998943	-0.02544573	-0.0830542	-0.08090912	-0.05613403	-0.238843	0.1192756	-0.1687361
UID_9145_10012_sorted	UID_9145_10012_sorted	-0.1460637	-0.05736413	0.06957103	-0.07465742	-0.0788136	0.1341539	-0.07050594	-0.2037941	0.1210669	-0.07862388
UID_9184_8816_sorted	UID_9184_8816_sorted	-0.2520317	-0.01824034	0.4220767	-0.1093347	-0.1517946	-0.3743305	-0.1091561	0.07786868	-0.3975739	0.3448383
UID_9225_9287_sorted	UID_9225_9287_sorted	-0.4043484	-0.2365097	0.2703965	0.1770495	-0.08919235	-0.02687596	0.07309019	0.2636151	0.3666135	0.0787643
UID_9234_9239_sorted	UID_9234_9239_sorted	0.3199003	0.06976191	-0.108503	-0.3285974	0.04558792	-0.1062299	-0.08981001	0.276557	0.05387606	-0.1382278
UID_9237_10013_sorted	UID_9237_10013_sorted	-0.201143	-0.06407831	-0.2159982	-0.1701544	0.2667947	0.2101936	0.2644315	-0.2206389	-0.08886699	-0.009514985
UID_9240_9241_sorted	UID_9240_9241_sorted	-0.3370691	0.08052365	-0.3304453	0.260046	0.100118	-0.03045533	-0.07005784	0.3733499	-0.1125044	-0.06427332
UID_9257_9422_sorted	UID_9257_9422_sorted	-0.343221	-0.1450224	0.04914367	-0.05582089	-0.2031684	-0.03102494	-0.298307	-0.2052392	-0.3418668	-0.09322869
UID_9260_9253_sorted	UID_9260_9253_sorted	-0.03665668	0.03643994	0.3683703	-0.09339379	-0.1167902	0.1256094	-0.02826243	-0.1265727	0.1121899	-0.2376501
UID_9268_9416_sorted	UID_9268_9416_sorted	-0.1949908	-0.1076743	0.009409604	-0.05065447	-0.06911232	0.1294322	-0.1317973	-0.1765193	0.02783801	0.03658999
UID_9276_9291_sorted	UID_9276_9291_sorted	-0.2775534	-0.2266874	-0.2410563	0.1959107	0.02643219	-0.1474469	0.06877517	0.01964219	0.04895093	-0.03977977
UID_9278_9522_sorted	UID_9278_9522_sorted	0.2770771	-0.05641833	-0.1459131	-0.1211713	0.05177134	0.01140913	-0.02736752	0.04715846	0.07684335	-0.01162058
UID_9280_10283_sorted	UID_9280_10283_sorted	-0.4959265	-0.2342964	-0.4176829	-0.0843463	0.06467128	0.1292262	0.09592496	-0.05056224	-0.1379482	0.06934231
UID_9281_9502_sorted	UID_9281_9502_sorted	-0.4218049	0.007153886	0.1686715	-0.06032662	-0.2143988	-0.01079503	0.009835975	0.1980237	-0.3295715	0.2309957
UID_9296_4421_sorted	UID_9296_4421_sorted	-0.3352258	0.01102332	0.1666615	-0.1981628	-0.1904293	-0.02491962	0.1875248	0.04966721	-0.1907419	0.06376504
UID_9304_8601_sorted	UID_9304_8601_sorted	-0.2889976	-0.1169943	0.07534926	-0.07720263	-0.01757819	-0.05902729	-0.3374584	-0.09677879	-0.1085586	-0.01328869
UID_9305_9312_sorted	UID_9305_9312_sorted	2.150831e-17	1.074575e-16	-1.593155e-17	-6.605174e-17	-3.866953e-15	-5.393528e-14	-1.669125e-12	-1.863706e-11	-3.984884e-10	-1.124098e-08
UID_9330_9420_sorted	UID_9330_9420_sorted	-0.1662766	-0.01194835	0.4882333	-0.02964419	0.1560156	0.5135971	-0.2852332	-0.08597998	-0.06059715	0.1356691
UID_9340_9341_sorted	UID_9340_9341_sorted	0.5872569	-0.5295027	-0.05880025	0.2760785	0.001492725	-0.05003612	-0.03565065	-0.000495392	-0.07067671	-0.004484631
UID_9351_9369_sorted	UID_9351_9369_sorted	0.1207721	0.4981862	-0.1027845	0.2939364	-0.09054988	0.08289004	-0.04008584	-0.09740473	0.07543029	-0.01790156
UID_9353_9355_sorted	UID_9353_9355_sorted	0.003054492	0.2558279	-0.1198641	-0.02104263	-0.1561356	-0.04545673	0.0721034	-0.08259969	0.0383606	0.005550173
UID_9367_9587_sorted	UID_9367_9587_sorted	0.5442406	-0.09084526	-0.1576858	-0.3970562	-0.2172781	0.0947562	-0.1487907	0.1078151	0.2147781	0.05064184
UID_9379_9981_sorted	UID_9379_9981_sorted	0.1047624	-0.1293842	-0.07531749	-0.02195226	-0.05920823	0.02979965	-0.01077396	-0.04881112	-0.02453758	-0.01664527
UID_9392_9978_sorted	UID_9392_9978_sorted	0.2275015	0.5541763	-0.09868242	0.02556114	-0.09829261	0.01903183	-0.1368352	-0.1010868	-0.03099875	-0.05113881
UID_9395_9389_sorted	UID_9395_9389_sorted	0.06145799	0.5689146	-0.1013438	0.192656	-0.1362901	0.1042614	-0.05046832	-0.09674942	0.08568001	0.04168826
UID_9396_9397_sorted	UID_9396_9397_sorted	0.4485056	0.09703864	-0.07992693	-0.3582482	-0.02200571	0.02229973	-0.2467489	0.1849676	0.08279767	-0.217779
UID_9403_9425_sorted	UID_9403_9425_sorted	-0.4605027	-0.1145563	0.1225978	0.1419879	0.04193369	0.002114922	0.01634306	0.2410226	0.1992112	-0.0245581
UID_9404_9413_sorted	UID_9404_9413_sorted	-0.06508332	0.1420415	-0.1094769	0.1894795	0.1996411	0.200633	0.03664412	0.2610459	-0.172412	-0.0208229
UID_9417_9406_sorted	UID_9417_9406_sorted	-0.2006337	-0.03944442	0.1289775	-0.01776265	-0.02043594	-0.3421245	0.01487971	0.08968319	-0.1370762	0.3173272
UID_9427_9171_sorted	UID_9427_9171_sorted	-0.384891	0.0008310111	-0.3677001	0.04127612	-0.06010574	-0.02000291	-0.003466007	-0.1214893	0.0936882	-0.1859692
UID_9429_9439_sorted	UID_9429_9439_sorted	-0.2652116	-0.1630242	0.08146045	0.02732927	0.05951298	-0.09378345	-0.09428071	0.07538637	0.1473525	-0.02000262
UID_9437_9438_sorted	UID_9437_9438_sorted	0.1557246	0.4614854	-0.1683223	0.1218402	-0.2419215	-0.05323005	0.04595671	-0.06263273	-0.1093388	0.0650657
UID_9446_9322_sorted	UID_9446_9322_sorted	0.191667	0.06726552	-0.0119636	0.03207464	0.2567462	-0.06596647	-0.1602464	-0.08929676	0.08154951	0.09785745
UID_9447_9431_sorted	UID_9447_9431_sorted	-0.1859059	-0.1373966	-0.2417069	-0.2196143	0.01093746	0.03039198	0.01652731	-0.0935003	0.02714205	0.1507083
UID_9448_9449_sorted	UID_9448_9449_sorted	0.2178982	0.6167597	-0.1667359	-0.04819861	-0.1968303	-0.02483314	-0.01304735	-0.05902428	-0.1607485	0.1222737
UID_9451_9426_sorted	UID_9451_9426_sorted	-0.4262863	-0.2160117	-0.330194	-0.06677609	-0.09243623	-0.1071458	0.04897225	-0.2065636	0.1875816	0.03528178
UID_9475_4418_sorted	UID_9475_4418_sorted	-0.2007409	-0.04471011	0.09430278	-0.03476655	-0.1230378	-0.07548092	0.1387729	0.1163441	-0.1728891	0.1251613
UID_9480_10263_sorted	UID_9480_10263_sorted	0.1452907	-0.1683243	0.04532117	0.07304383	-0.03703703	0.02402729	0.07180456	-9.1478e-05	0.0465659	0.03260209
UID_9489_9481_sorted	UID_9489_9481_sorted	0.3963766	0.01242697	-0.121061	-0.4648483	0.0677703	0.01227555	-0.2336222	0.07732069	0.1080315	-0.184259
UID_9496_9398_sorted	UID_9496_9398_sorted	0.5984842	-0.3159816	-0.1081295	-0.1015895	-0.0364838	-0.03870027	-0.01901268	0.04517868	-0.0620415	-0.01200942
UID_9500_10123_sorted	UID_9500_10123_sorted	-0.1761313	-0.160978	0.1373529	-0.006925026	-0.1159685	-0.4654075	-0.07621681	0.07016944	-0.1536868	0.2792582
UID_9521_8460_sorted	UID_9521_8460_sorted	-0.3034089	0.06206087	0.1669984	0.3117969	-0.004157688	0.1180477	0.03257109	0.2634605	0.1499434	-0.234647
UID_9524_9523_sorted	UID_9524_9523_sorted	0.1470095	0.6093719	-0.1334776	0.134308	-0.1547035	-0.1296383	-0.03468992	-0.1387568	-0.00690182	0.03961803
UID_9537_10197_sorted	UID_9537_10197_sorted	-0.335262	-0.1774156	0.2069878	0.2642571	-0.01422992	-0.1549124	0.0689495	0.1596074	-0.318234	0.07131649
UID_9540_9544_sorted	UID_9540_9544_sorted	-0.3693876	-0.1140905	0.01536553	0.0889457	-0.02156994	0.1207875	0.09737187	0.1797928	0.2714538	0.05596519
UID_9543_9539_sorted	UID_9543_9539_sorted	0.2737958	0.4936983	-0.08084575	0.01845829	-0.2126823	-0.0008337893	-0.1277553	-0.020793	-0.1080942	0.03540356
UID_9548_9538_sorted	UID_9548_9538_sorted	-0.277188	-0.2192686	0.06084455	0.1061981	-0.07549524	0.00778677	0.04648974	-0.0175969	0.06118629	-0.2722393
UID_9559_9553_sorted	UID_9559_9553_sorted	0.3313754	0.01383452	0.0980719	-0.1492334	0.4015849	-0.2873083	-0.09588977	0.1250649	0.08905976	0.02022121
UID_9562_9473_sorted	UID_9562_9473_sorted	-0.004780723	0.00180911	-0.2601721	0.05262597	0.0887038	0.2406687	0.009659313	0.2994558	-0.1204871	0.02701822
UID_9563_9466_sorted	UID_9563_9466_sorted	0.2509522	-0.02700109	0.009936731	0.1479986	0.3940359	-0.1483063	-0.06095696	-0.09920758	-0.007243424	0.08097123
UID_9564_9469_sorted	UID_9564_9469_sorted	0.01429658	0.1033864	-0.1334472	0.1291003	0.04181694	0.2144946	-0.08977414	0.2286564	-0.04181548	-0.03792938
UID_9570_9002_sorted	UID_9570_9002_sorted	-0.3669912	-0.2042277	0.02398418	-0.2016499	-0.168649	-0.1315752	-0.08213438	-0.3237864	0.2094626	-0.1539525
UID_9572_10366_sorted	UID_9572_10366_sorted	-0.3641738	-0.1146393	0.1028545	-0.1169246	-0.2180229	-0.1134227	-0.1243897	-0.2265685	-0.09530542	-0.09377365
UID_9577_6214_sorted	UID_9577_6214_sorted	0.1668835	0.5374906	-0.2085935	0.1751918	-0.1685501	0.1058395	-0.03073036	-0.05720233	0.1183758	-0.0829251
UID_9579_9547_sorted	UID_9579_9547_sorted	0.5984518	-0.449672	-0.04868816	0.2080673	-0.09268292	-0.08023844	-0.1565805	-0.0767057	-0.07675457	0.04635086
UID_9583_10038_sorted	UID_9583_10038_sorted	-0.2233645	-0.141292	-0.2500523	0.2145579	0.1319811	-0.02598544	-0.1178774	0.1099323	0.08076052	0.001883858
UID_9592_9357_sorted	UID_9592_9357_sorted	-0.4205953	-0.1498908	0.08051573	0.1453677	-0.07478393	0.06294383	0.08833306	0.19405	0.158546	0.1147455
UID_9593_9542_sorted	UID_9593_9542_sorted	0.1500965	0.3236863	0.119156	0.07348957	0.1598719	-0.145071	0.3136558	-0.03175935	0.1590498	0.1065211
UID_9627_9643_sorted	UID_9627_9643_sorted	-0.271589	0.001300961	-0.1477409	-0.02399512	-0.1207598	-0.1112434	0.0134529	-0.09415158	0.1265055	0.008145779
UID_9628_9608_sorted	UID_9628_9608_sorted	-0.4284838	-0.2435176	-0.3803676	-0.05314643	-0.02400426	-0.05686508	-0.04112357	-0.1696724	0.06629641	0.1108773
UID_9644_9228_sorted	UID_9644_9228_sorted	-0.3476588	-0.01768519	-0.2255836	-0.03939115	0.04959118	-0.02111598	0.005189053	0.2076977	0.3358667	0.1191327
UID_9662_10178_sorted	UID_9662_10178_sorted	-0.4025463	-0.1719576	0.07295008	-0.02999134	-0.2038255	0.09491093	-0.1260108	-0.2051292	0.06293776	-0.05336016
UID_9747_8635_sorted	UID_9747_8635_sorted	-0.429668	-0.09923971	-0.3424866	-0.02951111	-0.03607078	0.1158466	0.1333858	-0.08816255	-0.03355268	0.04597758
UID_9748_9728_sorted	UID_9748_9728_sorted	-0.3962036	-0.2007985	-0.2217313	0.06893621	0.02270719	0.0116868	-0.01062957	-0.06222501	0.08644672	-0.08696588
UID_9757_9008_sorted	UID_9757_9008_sorted	0.49278	-0.122909	-0.1348151	-0.4848588	0.01470685	-0.01206846	-0.02543271	0.2099448	0.01544709	-0.0134228
UID_9829_9831_sorted	UID_9829_9831_sorted	-0.006949345	-0.08895667	-0.1834166	0.002457947	0.1005104	0.1232073	0.05683308	0.2333342	-0.01272096	0.04804207
UID_9836_9827_sorted	UID_9836_9827_sorted	-0.08556643	0.1008769	0.05417267	0.1143755	0.3248048	-0.06986738	0.08805721	-0.1179007	-0.05529726	0.03984421
UID_9843_9684_sorted	UID_9843_9684_sorted	0.3451306	0.06383512	-0.1640396	-0.4920198	0.01947861	0.1130527	-0.1083225	0.2313821	0.01424195	-0.02958265
UID_9851_9852_sorted	UID_9851_9852_sorted	0.3760863	-0.08851445	-0.1594861	-0.5261246	-0.007925881	0.06550269	0.0249863	0.1988201	-0.1776689	0.04344987
UID_9898_8637_sorted	UID_9898_8637_sorted	-0.4380166	-0.1585224	-0.1732285	0.01265441	-0.03859741	0.01375683	-0.057755	0.09929852	0.0648315	-0.1366027
UID_9911_9902_sorted	UID_9911_9902_sorted	-0.328494	-0.1314347	-0.2945845	0.3280653	0.1789358	-0.02051375	-0.1819661	0.2776007	-0.1143972	-0.157034
UID_9914_9390_sorted	UID_9914_9390_sorted	0.2019049	0.5867362	-0.2110859	0.2509747	-0.1444282	0.1307167	0.01639927	-0.03782338	0.07928395	-0.07852763
UID_9926_4419_sorted	UID_9926_4419_sorted	0.1188673	0.09503606	-0.1384546	-0.1527627	0.3463843	0.09606689	0.249389	-0.2165559	0.1016823	-0.02965147
UID_9934_10109_sorted	UID_9934_10109_sorted	0.2312278	-0.007160952	0.03682021	-0.084716	0.1909831	0.02573581	-0.1165935	-0.177123	-0.02079855	0.0190309
UID_9937_9948_sorted	UID_9937_9948_sorted	0.5464044	-0.3487641	0.03546504	0.2575096	0.06959833	-0.09717634	-0.06989983	-0.02873028	-0.1761008	-0.1166764
UID_9942_10151_sorted	UID_9942_10151_sorted	0.04532458	0.6149141	-0.167831	0.323034	-0.1116895	0.04675256	0.08332477	-0.15247	0.01774906	-0.003788188
UID_9945_9474_sorted	UID_9945_9474_sorted	0.6146012	-0.3964854	-0.08584845	-0.1248399	-0.1261914	0.1507757	-0.03502844	-0.09316743	0.03347932	0.02040309
UID_9952_9490_sorted	UID_9952_9490_sorted	-0.4867662	-0.201103	-0.2994955	-0.03901114	0.05435284	0.1265679	-0.05109669	-0.1671567	0.07398454	0.2349322
UID_9954_9924_sorted	UID_9954_9924_sorted	0.4276673	-0.06306621	-0.1404584	-0.3525953	-0.04738202	-0.1118957	-0.1431645	0.2658807	-0.1111919	-0.001765005
UID_9964_10271_sorted	UID_9964_10271_sorted	0.6130797	-0.3386565	-0.0821759	0.2737593	-0.1039228	-0.006589846	0.03747833	-0.08401671	-0.04418156	-0.03997016
UID_9979_9976_sorted	UID_9979_9976_sorted	-0.2812596	-0.09343814	-0.3862819	0.1476754	0.1983466	-0.1942109	-0.1949805	0.1989379	0.06206448	-0.06949387
UID_9984_9382_sorted	UID_9984_9382_sorted	0.02304525	0.1045889	0.2154322	-0.002567616	0.04411768	-0.1130677	0.05251173	0.08739154	-0.1547564	0.03094949
