FID	IID	PC1	PC2	PC3	PC4	PC5	PC6	PC7	PC8	PC9	PC10
cUID_unk_4167_marmot4167_sorted	cUID_unk_4167_marmot4167_sorted	0.006413212	0.070961	0.2763444	0.05347789	-0.01863678	0.08871527	-0.4928488	-0.005771681	-0.06266844	0.2131757
RMBL_marmot_05-06_sorted	RMBL_marmot_05-06_sorted	-0.4084215	-0.01232682	-0.2046916	-0.07905415	0.01107247	0.139775	-0.0003092399	-0.0003847503	0.03623748	-0.03478212
RMBL_marmot_no_label_MS125_May2024_sorted	RMBL_marmot_no_label_MS125_May2024_sorted	-0.3974306	-0.01213755	-0.2010765	-0.0776063	0.01118945	0.1367347	-0.0007659192	-0.002516976	0.03461448	-0.03552959
UID_10009_10025_sorted	UID_10009_10025_sorted	0.2529477	-0.5026919	-0.1132368	0.2673186	0.01178623	-0.02430344	-0.0450117	0.02963052	0.02124794	-0.06969391
UID_10010_10019_sorted	UID_10010_10019_sorted	-0.2456039	0.02731789	0.003829949	-0.016709	-0.03606647	0.1583908	0.02737561	-0.08396535	0.1020344	0.005792079
UID_10021_10134_sorted	UID_10021_10134_sorted	-0.01520151	0.1458297	-0.2146892	0.0247952	-0.0124523	0.02955637	-0.003254391	-0.04043234	-0.05007098	0.04674608
UID_10041_9876_sorted	UID_10041_9876_sorted	-0.2881124	0.04641942	0.0552752	0.01152347	0.05368336	-0.4495789	0.02901216	0.05435209	-0.03588411	0.01968239
UID_10048_10061_sorted	UID_10048_10061_sorted	-0.2888164	0.02135525	0.06032791	0.05996215	-0.01463001	-0.1000374	0.02630389	-0.1167302	0.03501698	-0.01149255
UID_10052_10034_sorted	UID_10052_10034_sorted	-0.2465517	0.016827	0.0362898	0.02590213	-0.004157001	-0.09561623	-0.01151133	-0.09081344	0.01429776	0.01968196
UID_10054_10194_sorted	UID_10054_10194_sorted	0.2604309	-0.4746948	-0.1053951	0.2463129	0.01089789	-0.03527098	-0.04178762	0.05185881	0.02805587	-0.05204344
UID_10056_10055_sorted	UID_10056_10055_sorted	-0.3127188	-0.03064495	-0.1985355	-0.07611484	0.03149069	0.09186107	-0.004416047	0.04017862	0.03277588	0.07313696
UID_10067_10185_sorted	UID_10067_10185_sorted	0.2240901	0.1710557	0.2238712	-0.1329339	0.560609	0.07954037	0.08807654	0.05481589	0.1301636	-0.003407369
UID_10070_10071_sorted	UID_10070_10071_sorted	-0.390151	-0.02714712	-0.2300156	-0.1059831	0.03273553	0.1359378	-0.02221253	0.0729214	-0.01727455	0.01797664
UID_10073_10028_sorted	UID_10073_10028_sorted	0.2726534	0.01153684	0.08686877	-0.4595477	-0.2009765	-0.04335058	0.01346133	-0.02290158	-0.1531084	-0.2331487
UID_10083_10001_sorted	UID_10083_10001_sorted	-0.03729132	0.1001374	0.4456972	0.2307328	-0.2461442	0.1269966	0.3561846	0.1281487	-0.1294933	0.0330016
UID_10089_10098_sorted	UID_10089_10098_sorted	0.2870078	-0.06715837	0.1020436	-0.0787355	0.5325884	0.08528223	0.1627927	-0.06470272	0.08812247	-0.04596191
UID_10095_10094_sorted	UID_10095_10094_sorted	0.2095313	-0.2356591	-0.1353349	0.1284071	-0.01732327	-0.01099958	-0.02727753	-0.007599001	-0.01380886	-0.01931122
UID_10100_10005_sorted	UID_10100_10005_sorted	0.3359547	0.4395543	-0.2928042	0.1205359	-0.03573462	-0.03595861	0.01275625	-0.1178042	-0.1267152	0.135558
UID_10106_4466_sorted	UID_10106_4466_sorted	0.2754686	0.3374769	-0.2403919	0.1067051	-0.03136201	-0.02465555	0.02667504	-0.09018539	-0.08134619	0.1295949
UID_10112_6205_sorted	UID_10112_6205_sorted	-0.3742154	-0.01255445	-0.2281958	-0.1277517	0.03768826	0.136586	-0.05047229	0.08396799	0.02033362	0.1088268
UID_10145_10372_sorted	UID_10145_10372_sorted	-0.2396789	0.03303512	0.03082473	0.005714427	0.009417267	-0.01365843	-0.07298332	-0.1128444	0.05920288	0.03064935
UID_10146_10130_sorted	UID_10146_10130_sorted	0.2777733	-0.03604727	0.08985426	-0.4401444	-0.1946425	-0.05020705	-0.00918798	-0.006058627	-0.1431526	-0.2703722
UID_10147_10132_sorted	UID_10147_10132_sorted	0.2432782	-0.5054582	-0.128074	0.2252954	0.01231332	-0.02744582	-0.02865873	0.02797075	0.008151305	-0.01984355
UID_10148_9348_sorted	UID_10148_9348_sorted	-0.2715129	0.01597286	0.01292488	0.005990057	0.06804642	-0.3963295	0.03861101	0.05674306	-0.02297786	0.02159239
UID_10150_9248_sorted	UID_10150_9248_sorted	0.1896056	0.1372953	0.2609317	-0.125122	0.431808	0.07809422	-0.008518545	0.1884087	0.1723589	-0.004817764
UID_10155_10111_sorted	UID_10155_10111_sorted	0.2405758	0.1788376	0.2134552	-0.1287718	0.5953495	0.09382171	0.1128243	0.05815264	0.1374597	-0.01260045
UID_10159_10161_sorted	UID_10159_10161_sorted	0.2580958	-0.4365791	-0.08461343	-0.01691024	-0.07684933	-0.03463774	0.0290789	0.002551267	0.01234615	0.07746894
UID_10165_10102_sorted	UID_10165_10102_sorted	0.2576547	-0.001075359	0.04740619	-0.3732384	-0.1685363	-0.04792355	0.00501476	-0.02693219	-0.1347138	-0.1859136
UID_10166_10168_sorted	UID_10166_10168_sorted	0.1240725	-0.2521404	-0.0781524	0.1137122	-0.001486895	-0.0128301	-0.0200769	0.03805628	0.01903435	-0.02471087
UID_10172_10167_sorted	UID_10172_10167_sorted	0.2688987	-0.4025874	-0.09528002	-0.03474312	-0.115507	-0.0578175	0.01843045	-0.0111314	0.04471251	0.05736961
UID_10175_10121_sorted	UID_10175_10121_sorted	0.2320772	-0.4707482	-0.1275684	0.232437	-0.008864311	-0.0157294	-0.02640937	0.03803554	0.005189295	-0.002555763
UID_10176_10035_sorted	UID_10176_10035_sorted	-0.2599165	0.03026282	0.04108727	0.009549394	0.04779783	-0.4216462	0.05826207	0.07156038	-0.04541173	-0.01207971
UID_10181_10436_sorted	UID_10181_10436_sorted	-0.2774357	0.03446333	0.04721789	0.01388906	0.07969087	-0.4921555	0.03524832	0.09411301	-0.0586072	0.008932825
UID_10187_9267_sorted	UID_10187_9267_sorted	-0.1274078	-0.08803716	-0.004881854	0.0663394	-0.009240444	-0.04634501	-0.02000999	-0.06588491	0.0177776	0.01314447
UID_10189_10179_sorted	UID_10189_10179_sorted	-0.2458552	0.004193337	0.1048567	0.09337264	-0.08689583	0.08659	0.1490671	-0.2160868	0.08883056	-0.04036605
UID_10200_10928_sorted	UID_10200_10928_sorted	0.3393088	0.4604664	-0.2933082	0.1280522	-0.01203622	-0.02872934	0.01220859	-0.1133619	-0.1515636	0.1017416
UID_10212_10207_sorted	UID_10212_10207_sorted	-0.2404341	0.02465283	0.07417055	0.05525171	-0.02025797	-0.02211712	-0.01191023	-0.1622379	0.04350163	-0.03181029
UID_10215_9310_sorted	UID_10215_9310_sorted	0.07599823	-0.3004663	-0.06396943	0.1507556	-0.01745165	0.004602254	0.01389798	-0.02860868	0.02144469	0.001214913
UID_10218_10220_sorted	UID_10218_10220_sorted	0.3170321	0.4147118	-0.2842518	0.1177184	0.01254111	-0.01862705	0.02906833	-0.1369174	-0.1039354	0.1176922
UID_10221_10219_sorted	UID_10221_10219_sorted	-0.2843029	0.02105673	0.07909916	0.05387526	-0.01613382	-0.09553969	-0.0102953	-0.1393229	0.03141157	0.009869004
UID_10222_10214_sorted	UID_10222_10214_sorted	-0.1094509	-0.041072	-0.1175226	-0.09804476	0.01469461	0.1004394	-0.01051899	0.1025541	-0.01717203	0.2635351
UID_10225_10242_sorted	UID_10225_10242_sorted	-0.1858773	0.03810288	0.03374077	-0.0189101	-0.02304298	0.1223964	-0.005829428	-0.114557	0.08370135	-0.003165492
UID_10235_10085_sorted	UID_10235_10085_sorted	0.2741605	0.195162	-0.2527383	0.1399482	-0.03205005	-0.01847642	0.008133758	-0.08711501	-0.08734954	0.0949213
UID_10243_10245_sorted	UID_10243_10245_sorted	-0.2118	0.02590402	0.03641682	0.008743482	0.001388117	0.03740494	-0.05300813	-0.1141653	0.06024827	0.0007462163
UID_10248_10247_sorted	UID_10248_10247_sorted	0.02263935	0.1071572	0.4753807	0.2146168	-0.2573646	0.2078663	0.4172073	0.3200162	-0.174003	0.1546858
UID_10249_10250_sorted	UID_10249_10250_sorted	0.2371586	0.03754229	-0.002439018	-0.01767961	0.3382241	0.0435708	0.09081943	-0.04952812	0.04311066	-0.005057765
UID_10252_10295_sorted	UID_10252_10295_sorted	-0.2619989	-0.004870761	0.07019779	0.07593077	-0.06168574	0.06983471	0.1430717	-0.1772007	0.07482265	-0.03327756
UID_10254_10256_sorted	UID_10254_10256_sorted	0.319928	-0.02331952	0.01635142	-0.4509694	-0.09861414	-0.04745394	0.09542241	-0.2130329	-0.1191956	0.09555562
UID_10260_10255_sorted	UID_10260_10255_sorted	0.162052	-0.05738089	-0.01446952	-0.1926108	-0.03532695	-0.02559266	0.04947924	-0.1219569	-0.08358483	0.05386319
UID_10261_10262_sorted	UID_10261_10262_sorted	0.2841438	-0.01527948	-0.01955162	-0.3761514	-0.1058734	-0.04189425	0.08728667	-0.1784383	-0.1025921	0.06913661
UID_10266_10265_sorted	UID_10266_10265_sorted	0.3326587	0.4277508	-0.2456214	0.08674378	-0.04672045	-0.03840185	0.009800906	-0.01762989	0.07381057	0.008595439
UID_10276_10092_sorted	UID_10276_10092_sorted	-0.1896296	0.01992142	0.03481142	0.009005723	-0.03933905	0.1128605	0.00251456	-0.09708469	0.07914892	-0.01662574
UID_10279_10282_sorted	UID_10279_10282_sorted	0.2958447	-0.04960301	0.0760571	-0.04712217	0.5401426	0.08634063	0.149162	-0.04556296	0.09392669	-0.02400872
UID_10287_10267_sorted	UID_10287_10267_sorted	0.2350087	-0.4851923	-0.1364354	0.2233296	-0.01177285	-0.02219534	-0.01538686	0.0009270702	-0.006255041	-0.003720619
UID_10292_10398_sorted	UID_10292_10398_sorted	0.2501522	-0.5368553	-0.1459147	0.2791809	0.04267976	-0.004505631	-0.00733076	0.01719081	-0.03131784	-0.002767823
UID_10293_10289_sorted	UID_10293_10289_sorted	0.04284455	0.04455579	0.317062	0.1797884	-0.2090484	0.1800019	0.30757	0.2917707	-0.1420177	0.146021
UID_10300_10286_sorted	UID_10300_10286_sorted	0.03288774	-0.1128511	-0.03883868	0.05553573	0.003580747	-0.003825987	-0.005628495	-0.006481572	0.001970099	0.0007906533
UID_10304_10333_sorted	UID_10304_10333_sorted	-0.1299592	0.06262341	-0.1129375	-0.1048423	0.04104424	0.1372473	-0.08055901	0.1936674	-0.287716	-0.4451684
UID_10318_9454_sorted	UID_10318_9454_sorted	-0.1592216	0.0323603	0.07734455	0.05476009	-0.08798724	0.1297018	0.1563232	0.1099948	-0.06067011	0.06345278
UID_10327_10348_sorted	UID_10327_10348_sorted	-0.1785405	0.00675076	0.0008739376	0.01109306	0.04252168	-0.2346163	0.01970767	0.03755691	-0.02451874	0.01261938
UID_10332_10412_sorted	UID_10332_10412_sorted	-0.1983611	0.03901711	0.1208504	0.07059526	-0.1220476	0.1988073	0.2374846	0.171745	-0.06790111	0.1164639
UID_10337_10361_sorted	UID_10337_10361_sorted	0.3053407	0.3959981	-0.306263	0.0893563	0.003682358	-0.02692111	0.05159143	-0.1452141	-0.2593721	0.01898657
UID_10339_10402_sorted	UID_10339_10402_sorted	-0.1243379	0.05788226	-0.1004039	-0.100984	0.03608488	0.136154	-0.1056984	0.2020724	-0.3030944	-0.4136645
UID_10341_10403_sorted	UID_10341_10403_sorted	-0.2080346	0.04895758	0.1318632	0.07410093	-0.1350097	0.1973551	0.2297707	0.194726	-0.09077183	0.1098051
UID_10343_10345_sorted	UID_10343_10345_sorted	-0.2923894	0.02885085	0.008992179	-0.008341216	0.08511265	-0.4938212	0.03404414	0.1352323	-0.05337636	0.02968273
UID_10354_10305_sorted	UID_10354_10305_sorted	-0.1251122	0.04652294	-0.09331634	-0.1003395	0.05025556	0.1492573	-0.1141608	0.2301878	-0.3165388	-0.4468818
UID_10357_10359_sorted	UID_10357_10359_sorted	-0.2135349	0.02184822	0.007193175	-0.01417417	0.007784852	0.02303622	-0.04539208	-0.09003648	0.05632685	0.01958872
UID_10363_10311_sorted	UID_10363_10311_sorted	0.2949629	0.379468	-0.3042329	0.1006632	-0.001913367	-0.0186917	0.05098833	-0.1689093	-0.3002204	0.05859327
UID_10369_10008_sorted	UID_10369_10008_sorted	0.2579059	-0.5276877	-0.1419146	0.2490761	0.062786	-0.005400875	-0.001138713	-0.002374486	-0.05128976	-0.03156533
UID_10371_10389_sorted	UID_10371_10389_sorted	0.244527	-0.5308943	-0.1411487	0.2406542	0.01359806	-0.00550434	-0.0124628	0.01499036	-0.04847437	0.0163439
UID_10382_10273_sorted	UID_10382_10273_sorted	-0.2944418	0.03946434	0.01431051	-0.01866898	0.07169112	-0.4428367	0.02761447	0.125008	-0.0553101	0.01805367
UID_10386_10383_sorted	UID_10386_10383_sorted	-0.4136684	-0.03038993	-0.2273263	-0.0911521	0.02986295	0.127142	-0.05455722	0.06172537	-0.0003767026	0.02689626
UID_10388_10375_sorted	UID_10388_10375_sorted	0.2439899	-0.5379867	-0.1493509	0.2701338	0.04002081	-0.006393059	-0.02292441	0.001587125	-0.03735815	-0.01172206
UID_10407_10302_sorted	UID_10407_10302_sorted	-0.1978288	0.01025747	0.006621952	0.006941286	0.04464851	-0.2763263	0.01359206	0.07162801	-0.04077343	0.001847519
UID_10409_10353_sorted	UID_10409_10353_sorted	0.3574437	0.4370779	-0.3331632	0.08171358	-0.003146807	-0.02072629	0.05583631	-0.1294874	-0.2567493	-0.006878475
UID_10416_10422_sorted	UID_10416_10422_sorted	-0.2684713	0.006857328	0.007752197	0.01300291	0.05891882	-0.3727598	0.04048636	0.04915958	-0.02431307	0.0140669
UID_10418_10051_sorted	UID_10418_10051_sorted	-0.2952297	0.02659534	0.04796641	0.009483744	0.05952643	-0.4663316	0.06821629	0.06931436	-0.03246394	-0.02520615
UID_10421_4461_sorted	UID_10421_4461_sorted	-0.2961909	0.02602904	0.05716209	0.01416404	0.05055086	-0.4320545	0.05356945	0.03844606	-0.02946332	0.008454931
UID_10437_10428_sorted	UID_10437_10428_sorted	-0.1198465	0.06417577	-0.07588846	-0.07402718	0.03045989	0.1314821	-0.1063381	0.1700455	-0.3105065	-0.4135538
UID_19_46_sorted	UID_19_46_sorted	-0.01312022	0.08722245	0.2826386	0.03341031	-0.01241718	0.1314539	-0.5445395	0.06110946	-0.05291534	0.1570679
UID_2686_2690_sorted	UID_2686_2690_sorted	-0.003832272	0.04818864	0.2534382	0.1147134	-0.07600766	0.01171636	-0.1013192	-0.02625021	-0.0481883	0.09918107
UID_2793_2821_sorted	UID_2793_2821_sorted	0.07545105	0.09186356	0.3736839	0.08918772	-0.02493644	0.009200214	-0.3710761	0.0004598283	-0.0852037	0.1451886
UID_2805_2809_sorted	UID_2805_2809_sorted	0.07094378	0.08720821	0.3956136	0.1001735	-0.04451721	0.0009034567	-0.4002689	-0.01333993	-0.07281788	0.1606975
UID_2822_2876_sorted	UID_2822_2876_sorted	0.05809184	0.1030331	0.35904	0.06023907	0.01001687	0.04100936	-0.5208491	-0.05715866	-0.06127766	0.1684956
UID_3166_3174_sorted	UID_3166_3174_sorted	0.0247562	0.09524018	0.358619	0.06266742	-0.02479915	0.1070165	-0.6055433	0.007245431	-0.08039015	0.2616962
UID_37_247_sorted	UID_37_247_sorted	0.06728839	0.08559254	0.3418741	0.06467523	-0.02578459	0.04667765	-0.357283	0.01417005	-0.06314791	0.1036628
UID_4052_4051_sorted	UID_4052_4051_sorted	0.120007	0.06092045	0.216734	-0.0149645	0.009114281	0.02021835	-0.2065126	0.1326146	-0.02149993	-0.008099073
UID_4229_4217_sorted	UID_4229_4217_sorted	-0.05392668	0.06791372	0.2371653	0.07806668	-0.07601047	0.02479669	0.04542595	-0.1453701	0.08449168	-0.2156192
UID_4384_noear_sorted	UID_4384_noear_sorted	0.1225411	0.06488282	0.2182191	-0.04000392	0.0151844	0.02107701	-0.2089218	0.1622363	-0.02358532	-0.008569838
UID_4405_10284_sorted	UID_4405_10284_sorted	-0.2746184	0.01318822	0.07753452	0.07128442	-0.0497452	0.07010833	0.1667024	-0.18022	0.1005235	-0.0265014
UID_4414_9552_sorted	UID_4414_9552_sorted	0.03014202	0.1069039	0.4705835	0.2207373	-0.272523	0.2393746	0.3962587	0.3900582	-0.1902854	0.1784616
UID_4463_6212_sorted	UID_4463_6212_sorted	0.2235641	0.1570467	0.2458878	-0.1354517	0.5633808	0.1067858	0.04421217	0.1062184	0.151857	0.01920891
UID_4508_4512_sorted	UID_4508_4512_sorted	-0.1346828	0.05590481	0.08769689	-0.00918075	0.02543515	0.09945573	-0.3116927	0.04397187	-0.008109868	0.07526906
UID_4692_4681_sorted	UID_4692_4681_sorted	-0.05773972	0.07488047	0.2196814	0.06831649	-0.06150541	-0.02503049	0.03091548	-0.1323807	0.05148438	-0.2023485
UID_48_47_sorted	UID_48_47_sorted	0.0345708	0.0931228	0.2977629	0.03177128	0.01529995	0.09798167	-0.498247	0.0239636	-0.04749006	0.1295985
UID_4901_5896_sorted	UID_4901_5896_sorted	0.0831515	0.01949699	0.3194039	0.1150473	-0.03302037	0.03840366	-0.2944362	-0.1432128	-0.007606715	-0.02448802
UID_5263_5249_sorted	UID_5263_5249_sorted	0.1422095	0.1162201	0.2121965	-0.04385064	0.03305363	-0.007236409	-0.1612651	0.1172528	0.03199357	-0.01275248
UID_5285_5088_sorted	UID_5285_5088_sorted	0.06517808	0.1001235	0.07673815	0.05911226	-0.03155761	0.004217717	-0.2040339	0.01887893	0.06269639	0.03227057
UID_5501_5503_sorted	UID_5501_5503_sorted	0.09428848	0.09108667	0.263938	0.01633697	-0.0002686667	0.08686392	-0.4113405	0.05581358	-0.07597584	0.150614
UID_5540_5546_sorted	UID_5540_5546_sorted	-0.1031624	0.04832991	0.3203257	0.1819604	-0.120719	0.02373354	0.008670069	-0.3141845	0.04358315	-0.1623197
UID_6687_6677_sorted	UID_6687_6677_sorted	0.2798802	-0.4525431	-0.1443756	0.03498617	-0.06267592	-0.02258314	0.0311785	0.008023649	-0.03646727	0.1853376
UID_6779_6729_sorted	UID_6779_6729_sorted	-0.08978114	0.05347991	0.3146278	0.1779786	-0.1245073	0.02507367	0.002126997	-0.3520559	0.05298941	-0.1958072
UID_6794_6799_sorted	UID_6794_6799_sorted	-0.1212571	0.02987692	0.267591	0.1508911	-0.1100446	0.01365019	0.02148916	-0.2928767	0.05616988	-0.1826482
UID_6835_6898_sorted	UID_6835_6898_sorted	-0.0438549	0.03279216	0.1991036	0.06780322	0.01293144	-0.1453486	-0.1693876	-0.08162302	-0.00662632	0.02445677
UID_7131_7126_sorted	UID_7131_7126_sorted	-0.2006565	0.02965687	0.08374645	0.03239636	-0.03126534	0.1113673	-0.1775593	-0.08392556	0.02366609	-0.02212119
UID_7289_6695_sorted	UID_7289_6695_sorted	-0.06024912	0.04766926	0.3348356	0.1443958	-0.1167505	0.04674976	-0.06111865	-0.3304774	0.04495007	-0.1612762
UID_7365_7368_sorted	UID_7365_7368_sorted	-0.1146367	0.04771244	0.1993902	0.07562856	-0.05851316	0.1192593	-0.1847511	-0.1984249	0.04197994	-0.09540641
UID_7407_7412_sorted	UID_7407_7412_sorted	0.1128496	0.1040545	0.2453543	0.02924257	-0.06916098	0.04009358	-0.008776615	0.1167323	0.04891708	-0.01675212
UID_7559_7225_sorted	UID_7559_7225_sorted	-0.06971103	0.05012159	0.3473026	0.1674613	-0.1100616	0.04650368	-0.03486662	-0.3684093	0.08169976	-0.1059683
UID_7565_7355_sorted	UID_7565_7355_sorted	-0.1075648	0.02583134	0.2621151	0.1289784	-0.1101124	0.07131654	-0.03100295	-0.2929667	0.07052273	-0.2076849
UID_7635_7645_sorted	UID_7635_7645_sorted	0.06457425	0.09853686	0.3786558	0.1223463	-0.1981298	0.2386832	0.3305409	0.3706717	-0.1006185	0.1790562
UID_7698_7699_sorted	UID_7698_7699_sorted	0.1299032	0.2131912	-0.08152953	0.109973	-0.09233542	-0.01875266	-0.03483179	0.06870242	0.2349265	-0.0794794
UID_7712_7379_sorted	UID_7712_7379_sorted	0.2874265	0.2009526	0.1890189	-0.1593913	0.7824358	0.1289805	0.203901	-0.07069032	0.1171483	0.03390797
UID_7733_7734_sorted	UID_7733_7734_sorted	0.3057487	0.3870183	-0.1488104	0.1215917	-0.1824884	-0.05486329	-0.07330339	0.2384097	0.4555446	-0.1070427
UID_8080_9845_sorted	UID_8080_9845_sorted	0.2220816	0.03080986	-0.1348108	0.01730095	-0.0558993	-0.0287646	0.007478328	-0.000186489	0.07009721	-0.04164929
UID_8089_8088_sorted	UID_8089_8088_sorted	0.3119763	0.4077193	-0.1668945	0.1375244	-0.1842624	-0.0494076	-0.09376236	0.2405633	0.4730796	-0.1022656
UID_8203_8206_sorted	UID_8203_8206_sorted	-0.005842593	0.08976364	0.3305431	0.1255962	-0.133322	0.05069186	0.1738854	-0.0270125	0.01991619	-0.05618116
UID_8246_8319_sorted	UID_8246_8319_sorted	-0.3780874	-0.02983242	-0.2126695	-0.08041199	0.02021232	0.1125166	-0.03104893	0.03887976	0.006231596	-0.01122943
UID_8254_8259_sorted	UID_8254_8259_sorted	0.1672505	-0.0735135	-0.01370964	-0.09565066	-0.01559627	0.03709686	-0.002505628	0.1223716	-0.06438774	0.295432
UID_8281_8332_sorted	UID_8281_8332_sorted	0.2215627	-0.0672024	0.07633138	-0.1082218	-0.02193177	-0.005518181	-0.02686461	0.1000195	0.07855815	0.03879209
UID_8383_8380_sorted	UID_8383_8380_sorted	0.1942659	0.063684	0.02389368	-0.06999358	-0.006925588	-0.005502754	-0.03794173	0.05514102	-0.2502571	-0.2229585
UID_8429_8725_sorted	UID_8429_8725_sorted	0.1256244	-0.02040839	-0.001189088	-0.009593292	0.01875372	0.01593489	-0.02225814	0.05353553	-0.1574076	-0.2044392
UID_8476_8478_sorted	UID_8476_8478_sorted	0.3234564	0.4428044	-0.2159022	0.1361718	-0.2751402	-0.06366778	-0.07768291	0.3182851	0.6056406	-0.1953361
UID_8480_8352_sorted	UID_8480_8352_sorted	-0.0927566	0.06874917	0.3483779	0.1723262	-0.07430016	-0.1663437	0.008549259	-0.2775105	0.04499529	-0.06015357
UID_8491_8492_sorted	UID_8491_8492_sorted	0.3535243	0.4828668	-0.2241305	0.1448095	-0.2947026	-0.06906069	-0.08424765	0.3375219	0.6448296	-0.2062928
UID_8513_8503_sorted	UID_8513_8503_sorted	0.2767499	-0.2670243	-0.02847762	-0.07257417	-0.02579782	-0.01677091	0.02281575	0.04803531	0.09090822	0.07558687
UID_8536_7837_sorted	UID_8536_7837_sorted	0.3158966	-0.2778919	-0.000463799	-0.2853717	-0.1404897	-0.04938978	0.03307336	0.006689189	0.09064913	0.1031721
UID_8592_8249_sorted	UID_8592_8249_sorted	0.2880875	-0.04041173	0.1927384	-0.7253537	-0.3543657	-0.08395642	0.04803282	-0.02655159	0.1546108	-0.01183069
UID_8606_9166_sorted	UID_8606_9166_sorted	0.2677975	0.05036051	-0.07478007	-0.1199722	0.1040026	-0.007853487	0.09111761	-0.2395795	-0.2393873	0.2136153
UID_8621_8609_sorted	UID_8621_8609_sorted	-0.2333491	0.01240857	0.07779073	0.09115956	-0.08028202	0.09035935	0.1603653	-0.1834048	0.09163137	-0.0631785
UID_8649_8640_sorted	UID_8649_8640_sorted	-0.364794	-0.01593242	-0.157375	-0.04732266	0.02557904	0.07572663	0.01075339	-0.02385147	0.03025068	0.01208253
UID_8673_8664_sorted	UID_8673_8664_sorted	0.2004467	0.1387296	0.1764404	-0.1022064	0.4290375	0.07744402	0.09788591	0.0180773	0.07290975	-0.00376702
UID_8680_8696_sorted	UID_8680_8696_sorted	-0.3771863	-0.01933655	-0.214001	-0.1106417	0.02442295	0.145123	-0.05201883	0.08428893	0.03332434	0.1358902
UID_8689_8684_sorted	UID_8689_8684_sorted	-0.01178737	-0.00210569	0.007878427	0.009362521	-0.007026725	0.00247621	0.01050336	-0.01156992	0.004770381	-0.002444196
UID_8694_8697_sorted	UID_8694_8697_sorted	0.07478109	-0.003142452	0.1374497	0.05521239	0.1696765	0.06133524	0.1186504	-0.1347952	0.07641079	-0.0579518
UID_8718_8745_sorted	UID_8718_8745_sorted	0.1558931	0.09424729	0.2304349	-0.06309035	0.1558226	0.03008036	-0.1284063	0.1712285	0.09920739	0.02607095
UID_8740_8749_sorted	UID_8740_8749_sorted	0.2876863	0.1490114	-0.06068366	-0.1043917	0.1619438	0.02029972	0.07969213	-0.1807818	-0.3191474	0.07985796
UID_8742_8324_sorted	UID_8742_8324_sorted	0.1009718	0.1083005	0.3786414	0.1072897	-0.1513568	0.1543568	0.2224785	0.3762224	-0.1788926	0.1091381
UID_8768_8831_sorted	UID_8768_8831_sorted	0.1898853	-0.3292486	-0.07061011	0.0671595	-0.02956915	-0.02231412	-0.01601235	0.006444527	0.03574754	-0.03986996
UID_8770_8763_sorted	UID_8770_8763_sorted	0.02710735	-0.1327276	-0.1209986	0.05503046	-0.002248086	0.01456729	-0.01742542	-0.018151	0.002193317	-0.00219245
UID_8818_10180_sorted	UID_8818_10180_sorted	0.1828329	0.1446993	0.2467828	-0.1214756	0.4507936	0.0948619	0.02568332	0.1563467	0.1371512	-0.03213256
UID_8854_8837_sorted	UID_8854_8837_sorted	0.1710442	0.07146199	0.01910769	-0.08845699	-0.008711284	-0.01848442	-0.04121778	0.05440049	-0.2326792	-0.2271495
UID_8863_8857_sorted	UID_8863_8857_sorted	0.2787204	-0.3320052	0.004825453	-0.1673196	-0.08571261	-0.01605014	-0.007567189	-0.04690189	0.04182495	-0.06954257
UID_8864_8871_sorted	UID_8864_8871_sorted	0.2513355	-0.5604539	-0.1629778	0.2901917	0.02649668	-0.03055593	-0.007405755	0.01343567	-0.01383299	0.00346781
UID_8878_8876_sorted	UID_8878_8876_sorted	0.2543717	-0.4746497	-0.1119644	0.1759909	0.02708221	0.01492219	-0.01788543	-0.005992152	-0.04847169	-0.0155818
UID_8896_10188_sorted	UID_8896_10188_sorted	0.2309794	-0.481716	-0.1338187	0.2111701	0.02914813	-0.007999843	-0.0123661	0.001151193	-0.04090799	-0.01744764
UID_8918_8385_sorted	UID_8918_8385_sorted	-0.3334529	-0.002715423	-0.132169	-0.07077607	0.004154651	0.1366304	-0.07443282	0.03441903	0.01524105	0.08623787
UID_8943_8950_sorted	UID_8943_8950_sorted	0.14746	-0.1881608	-0.03512851	0.05005017	0.008333872	0.004310909	0.004648976	-0.02223318	-0.05507222	0.004677243
UID_8944_8934_sorted	UID_8944_8934_sorted	0.2520152	-0.3426441	-0.02985465	0.1450792	0.005697144	-0.01315969	-0.05765824	0.07959908	0.07263052	-0.09813497
UID_8945_8023_sorted	UID_8945_8023_sorted	0.1752477	-0.2831489	-0.04458239	0.07874236	0.01230761	-0.003155989	-0.02069381	0.01516943	0.005901548	-0.03073106
UID_8961_8625_sorted	UID_8961_8625_sorted	-0.3894941	-0.01490023	-0.1900655	-0.08281476	0.02855107	0.06858014	-0.03989305	0.07979686	-0.01673316	0.002125418
UID_8986_8990_sorted	UID_8986_8990_sorted	-0.335354	-0.01134052	-0.1700708	-0.07142865	0.01638176	0.1196983	-0.03830486	0.02206461	0.01899974	0.008325941
UID_9053_9067_sorted	UID_9053_9067_sorted	-0.2842852	-0.02473001	-0.1272041	-0.03453871	0.01052689	0.06269875	0.01630889	-0.01035516	0.02247217	-0.0157878
UID_9054_9063_sorted	UID_9054_9063_sorted	-0.4081567	-0.01625638	-0.1756909	-0.05939346	0.01107508	0.1203389	-0.02194093	0.001567346	0.02109929	0.03528916
UID_9055_9061_sorted	UID_9055_9061_sorted	-0.3912842	-0.01642503	-0.2058842	-0.08317616	0.03038318	0.1334677	-0.05728953	0.07756145	-0.06691677	-0.1050632
UID_9064_9065_sorted	UID_9064_9065_sorted	-0.4087382	-0.008653986	-0.1979632	-0.09009509	0.03750101	0.0528953	-0.01523311	0.02193829	0.04419773	0.04898183
UID_9069_9070_sorted	UID_9069_9070_sorted	0.272669	0.2603998	-0.1234964	0.02852913	-0.1768658	-0.02540745	-0.03333024	0.1894826	0.1793223	-0.1946088
UID_9074_9906_sorted	UID_9074_9906_sorted	-0.4088998	-0.02012903	-0.1932406	-0.07923193	0.02113499	0.1424823	-0.01689784	-0.01233275	0.06119046	0.04458831
UID_9145_10012_sorted	UID_9145_10012_sorted	-0.111062	-0.004757722	0.01211987	0.02800036	-0.02121304	0.04909767	0.007916294	-0.06366864	0.01993035	-0.01230332
UID_9184_8816_sorted	UID_9184_8816_sorted	-0.1774694	0.08663708	0.2742518	0.08554881	0.09760542	-0.9266504	0.08248863	0.1246745	-0.08937812	0.0164146
UID_9225_9287_sorted	UID_9225_9287_sorted	-0.2637251	0.008347331	0.09476741	0.09748155	-0.08929939	0.09156903	0.1802204	-0.1817413	0.09239338	-0.06562145
UID_9234_9239_sorted	UID_9234_9239_sorted	0.2960397	-0.1634814	0.1142997	-0.5290633	-0.2550979	-0.06014349	0.02672235	-0.05310022	0.1176673	-0.03798555
UID_9237_10013_sorted	UID_9237_10013_sorted	-0.1235678	0.04760754	-0.08871239	-0.07334495	0.03509661	0.1256316	-0.09672389	0.189059	-0.316835	-0.4211452
UID_9240_9241_sorted	UID_9240_9241_sorted	-0.2867909	-0.01946153	-0.1846372	-0.0792436	0.03035102	0.07995139	-0.0009146841	0.04195514	0.02596431	0.06604078
UID_9257_9422_sorted	UID_9257_9422_sorted	-0.2786972	0.01779243	0.0453581	0.04305552	-0.000570268	-0.1381461	0.0006381518	-0.1009975	0.02321793	0.01379473
UID_9260_9253_sorted	UID_9260_9253_sorted	0.02287815	0.1009039	0.4080006	0.1671631	-0.1904086	0.1358226	0.2672327	0.09452289	-0.08268609	0.03319454
UID_9268_9416_sorted	UID_9268_9416_sorted	-0.1716764	-0.03306625	0.03621547	0.08650628	-0.04660391	0.05989751	0.04331756	-0.1501998	0.04757028	-0.05374663
UID_9276_9291_sorted	UID_9276_9291_sorted	-0.3918749	-0.008039239	-0.1898034	-0.08294624	0.03585925	0.09796633	-0.02272254	0.02793648	0.03392552	0.00770863
UID_9278_9522_sorted	UID_9278_9522_sorted	0.123936	0.003231989	0.07536121	-0.06355761	-0.01007223	-0.009544572	-0.03525213	0.07762483	0.02919627	0.01527693
UID_9280_10283_sorted	UID_9280_10283_sorted	-0.4215701	-0.03377355	-0.250264	-0.1057367	0.03085911	0.1323773	-0.02579182	0.07492273	-0.008664505	0.00547725
UID_9281_9502_sorted	UID_9281_9502_sorted	-0.3025336	0.03407431	0.03389105	0.007701966	0.05840055	-0.4584891	0.04981254	0.08447932	-0.04133981	0.02280467
UID_9296_4421_sorted	UID_9296_4421_sorted	-0.2632682	0.03536032	0.04491883	-0.009326107	0.08052076	-0.481475	-0.002951151	0.1272005	-0.06584489	-0.001829032
UID_9304_8601_sorted	UID_9304_8601_sorted	-0.2454551	0.01790681	0.08134548	0.05427166	-0.02946329	-0.05244794	0.01283689	-0.1498221	0.04138247	-0.01123472
UID_9305_9312_sorted	UID_9305_9312_sorted	3.19222e-05	-2.178695e-07	1.823054e-05	9.858031e-06	-1.13921e-06	-1.927497e-05	2.669026e-08	3.297053e-06	-1.234313e-05	-1.149854e-05
UID_9330_9420_sorted	UID_9330_9420_sorted	0.01277275	0.08994997	0.3274538	0.1584117	-0.2041561	0.2059117	0.3717214	0.2524685	-0.1348701	0.1262717
UID_9340_9341_sorted	UID_9340_9341_sorted	0.251003	-0.4830104	-0.1256202	0.2318934	0.01001048	-0.02626943	-0.02302613	0.03748818	0.02933441	-0.028216
UID_9351_9369_sorted	UID_9351_9369_sorted	0.2867827	0.3940578	-0.2613212	0.1180156	0.01233081	-0.02570117	0.04857602	-0.1192198	-0.1137417	0.1260288
UID_9353_9355_sorted	UID_9353_9355_sorted	0.1886699	0.3376418	-0.2854976	0.09751644	-0.03531477	-0.002039077	-0.001486204	-0.09350493	-0.09308296	0.1023287
UID_9367_9587_sorted	UID_9367_9587_sorted	0.2667456	-0.2543562	0.00900867	-0.3384133	-0.2174424	-0.05681393	0.05035753	-0.01690928	0.07178762	0.1079464
UID_9379_9981_sorted	UID_9379_9981_sorted	-0.0003481217	-0.2540791	-0.1269955	0.05713092	-0.003070084	0.0299562	-0.03383677	0.01935773	0.01645933	-0.017093
UID_9392_9978_sorted	UID_9392_9978_sorted	0.343895	0.4390843	-0.245823	0.07738521	-0.06446521	-0.03300719	0.01196875	0.03188623	0.1521037	-0.06860178
UID_9395_9389_sorted	UID_9395_9389_sorted	0.2330307	0.3299281	-0.2276825	0.0899332	-0.03278103	-0.02152499	0.03019303	-0.1079959	-0.1221174	0.1123724
UID_9396_9397_sorted	UID_9396_9397_sorted	0.2937068	-0.07922282	0.01568246	-0.3835237	-0.09710363	-0.03884204	0.08566599	-0.2006976	-0.1099759	0.05699648
UID_9403_9425_sorted	UID_9403_9425_sorted	-0.2663926	0.01699197	0.08780432	0.09334823	-0.08292605	0.0607761	0.2100894	-0.1631613	0.08596259	-0.05682679
UID_9404_9413_sorted	UID_9404_9413_sorted	-0.0970413	-0.05356963	-0.1147626	-0.1155023	0.007100276	0.09545949	-0.0275735	0.1025841	-0.01993369	0.2702721
UID_9417_9406_sorted	UID_9417_9406_sorted	-0.2880733	0.04544831	0.0535018	-0.001853872	0.07617872	-0.4829616	0.03702849	0.08285578	-0.01283825	0.03273782
UID_9427_9171_sorted	UID_9427_9171_sorted	-0.3696781	-0.01516959	-0.2045994	-0.09325019	0.02140062	0.1443728	-0.03751142	0.01641515	0.0501152	0.06269723
UID_9429_9439_sorted	UID_9429_9439_sorted	-0.2066327	0.009924756	0.0406998	0.04586617	-0.05159491	0.0537409	0.1463457	-0.09888694	0.08255769	0.009415738
UID_9437_9438_sorted	UID_9437_9438_sorted	0.3188841	0.4138744	-0.283533	0.113082	-0.1048661	-0.03538937	-0.0007170637	0.02294654	0.06246479	-0.06545346
UID_9446_9322_sorted	UID_9446_9322_sorted	0.2427344	-0.04434914	0.1047877	-0.02770299	0.4774935	0.08254576	0.17731	-0.07542694	0.1079518	-0.0497755
UID_9447_9431_sorted	UID_9447_9431_sorted	-0.213961	-0.07135354	-0.1548585	-0.1457015	-0.02282657	0.06791074	-0.02411264	0.03792905	0.01638676	-0.001529686
UID_9448_9449_sorted	UID_9448_9449_sorted	0.3655283	0.4623499	-0.3020525	0.1130675	-0.1427555	-0.03938728	-0.007392695	0.04489249	0.1108882	-0.06987688
UID_9451_9426_sorted	UID_9451_9426_sorted	-0.4135989	-0.02329076	-0.2140575	-0.08395094	0.02599792	0.114822	-0.03634829	0.03466743	0.02128603	0.03031545
UID_9475_4418_sorted	UID_9475_4418_sorted	-0.258689	0.01247555	0.00877418	0.008465418	0.06004727	-0.3759515	0.01440539	0.100658	-0.05485729	0.01220603
UID_9480_10263_sorted	UID_9480_10263_sorted	0.01794807	-0.243386	-0.03685986	0.1760424	-0.0266894	0.02463655	0.03815735	-0.0555766	0.01979234	-8.792629e-05
UID_9489_9481_sorted	UID_9489_9481_sorted	0.3180149	-0.07594627	0.03543848	-0.4632553	-0.128636	-0.04667965	0.1017052	-0.229163	-0.1142786	0.1063233
UID_9496_9398_sorted	UID_9496_9398_sorted	0.2653599	-0.3878125	-0.04134616	-0.07153222	-0.1036361	-0.04307179	0.004943157	-0.01618248	0.04295432	-0.02115509
UID_9500_10123_sorted	UID_9500_10123_sorted	-0.2812905	0.04907672	0.06055968	0.008531208	0.06760244	-0.4997665	0.03430336	0.08350745	-0.001590929	0.05494353
UID_9521_8460_sorted	UID_9521_8460_sorted	-0.2766371	0.01542101	0.06848028	0.06244386	-0.06062445	0.08936318	0.1930391	-0.1459897	0.09328424	-0.00515154
UID_9524_9523_sorted	UID_9524_9523_sorted	0.3295147	0.444569	-0.2904097	0.1382073	-0.02728207	-0.03052034	0.02136118	-0.1117882	-0.1324097	0.1086338
UID_9537_10197_sorted	UID_9537_10197_sorted	-0.2903543	0.02724003	0.06666475	0.0274413	0.05682786	-0.4210635	0.05121629	0.02964306	-0.02381332	0.03162438
UID_9540_9544_sorted	UID_9540_9544_sorted	-0.2627092	0.007617702	0.06479577	0.06291079	-0.07871942	0.09788172	0.1788619	-0.1616914	0.1009341	-0.07510941
UID_9543_9539_sorted	UID_9543_9539_sorted	0.3465666	0.4460937	-0.2595131	0.1178913	-0.1416831	-0.03875684	-0.01677085	0.0523405	0.1241598	-0.08676938
UID_9548_9538_sorted	UID_9548_9538_sorted	-0.2607578	0.03268697	0.09722088	0.08121133	-0.08533115	0.1061286	0.1793374	-0.161007	0.1031386	-0.04178664
UID_9559_9553_sorted	UID_9559_9553_sorted	0.2975738	-0.04850396	0.1214965	-0.07351865	0.5360424	0.08508641	0.1239622	-0.07055951	0.1015725	-0.03085639
UID_9562_9473_sorted	UID_9562_9473_sorted	-0.1046035	-0.07555117	-0.1383946	-0.1167963	0.0191593	0.0874613	-0.002742556	0.1288998	-0.01506754	0.2582253
UID_9563_9466_sorted	UID_9563_9466_sorted	0.27475	-0.03762195	0.1059215	-0.0681925	0.5386172	0.08807393	0.1637387	-0.02802831	0.1258272	-0.03213802
UID_9564_9469_sorted	UID_9564_9469_sorted	-0.1021539	-0.07094278	-0.1499759	-0.1000608	0.005416859	0.08189857	0.002466489	0.09811584	-0.03405539	0.2728678
UID_9570_9002_sorted	UID_9570_9002_sorted	-0.2193575	0.03314218	0.04132791	0.002626254	-0.03722263	0.1080438	0.02486898	-0.1041875	0.07958559	0.006624854
UID_9572_10366_sorted	UID_9572_10366_sorted	-0.256072	0.01624955	0.07263649	0.05139812	-0.01890579	-0.08382842	0.0005930532	-0.1156703	0.02049763	-0.01627451
UID_9577_6214_sorted	UID_9577_6214_sorted	0.3340128	0.4470739	-0.2941983	0.1177115	0.004726074	-0.02740969	0.05863599	-0.1288929	-0.06621884	0.1634136
UID_9579_9547_sorted	UID_9579_9547_sorted	0.2495369	-0.5120551	-0.1265552	0.2298102	0.0156482	-0.02869254	-0.02431193	0.02945786	0.0225436	-0.006049209
UID_9583_10038_sorted	UID_9583_10038_sorted	-0.2879166	-0.01421681	-0.1803777	-0.07290307	0.03559807	0.08593571	-0.0129587	0.03296261	0.03270937	0.07707306
UID_9592_9357_sorted	UID_9592_9357_sorted	-0.2704988	0.01615332	0.07345874	0.09017652	-0.07374649	0.06512345	0.1590262	-0.1635338	0.09780098	-0.06591793
UID_9593_9542_sorted	UID_9593_9542_sorted	0.210529	0.1088659	0.005651655	-0.1105259	0.07951171	0.01769981	0.02766336	-0.07211078	-0.2847654	-0.121218
UID_9627_9643_sorted	UID_9627_9643_sorted	-0.1643104	0.03692147	-0.01727057	-0.03269512	0.0112024	0.07106125	-0.04278959	0.002777214	0.03674853	-0.02328068
UID_9628_9608_sorted	UID_9628_9608_sorted	-0.3906789	-0.02155194	-0.2131582	-0.09233249	0.03203525	0.1207188	-0.05358321	0.04857882	0.00946272	0.01956272
UID_9644_9228_sorted	UID_9644_9228_sorted	-0.3546493	-0.01496151	-0.1787872	-0.06620161	0.008189955	0.1198292	0.00112088	-0.003579778	0.03195089	-0.03182534
UID_9662_10178_sorted	UID_9662_10178_sorted	-0.255242	0.01853871	0.05732488	0.05556281	-0.05873025	0.1097396	0.05222118	-0.1589545	0.05108517	-0.02313532
UID_9747_8635_sorted	UID_9747_8635_sorted	-0.4004595	-0.007333175	-0.1932254	-0.08978571	0.02859856	0.1263293	-0.03784898	0.02799052	0.01271805	0.003037461
UID_9748_9728_sorted	UID_9748_9728_sorted	-0.4083064	-0.01418794	-0.2003556	-0.08132747	0.02676885	0.1119972	-0.01036914	0.01195327	0.04243817	0.01534282
UID_9757_9008_sorted	UID_9757_9008_sorted	0.3025226	-0.2057043	0.08276645	-0.5307628	-0.2839895	-0.08110967	0.03798906	-0.004551876	0.1176282	0.0821385
UID_9829_9831_sorted	UID_9829_9831_sorted	-0.2029694	-0.106484	-0.1774763	-0.05377102	0.03198166	0.09666315	-0.03140915	0.05476791	0.007572116	0.07421328
UID_9836_9827_sorted	UID_9836_9827_sorted	0.09464658	0.07258793	0.1370776	-0.05809193	0.2382634	0.04525753	-0.007599994	0.1204373	0.0871758	-0.009488142
UID_9843_9684_sorted	UID_9843_9684_sorted	0.2899169	-0.1425032	0.1104482	-0.563712	-0.2702155	-0.07054185	0.04123193	-0.02084679	0.1296151	0.04591397
UID_9851_9852_sorted	UID_9851_9852_sorted	0.2836661	-0.1844081	0.09273556	-0.5165257	-0.2654751	-0.0641075	0.02448557	-0.03292925	0.1265997	-0.009606994
UID_9898_8637_sorted	UID_9898_8637_sorted	-0.4022326	-0.003635908	-0.1819277	-0.07434565	0.0155664	0.1187626	-0.01100448	0.006536279	0.03169812	0.005913369
UID_9911_9902_sorted	UID_9911_9902_sorted	-0.4204043	-0.01988229	-0.2504669	-0.1202584	0.04472473	0.1308339	-0.002657618	0.05673778	0.05434421	0.1188503
UID_9914_9390_sorted	UID_9914_9390_sorted	0.3454154	0.4635739	-0.2959375	0.1284478	-0.008657961	-0.02038383	0.04206095	-0.135571	-0.1204843	0.1114286
UID_9926_4419_sorted	UID_9926_4419_sorted	0.1273258	0.09431817	0.01496027	-0.06022009	0.03232047	0.0975712	-0.09930692	0.21257	-0.4046347	-0.5365262
UID_9934_10109_sorted	UID_9934_10109_sorted	0.155117	-0.09597258	0.00240429	0.005208012	0.0823637	0.03064122	-0.005722315	0.03951437	-0.06896294	-0.1353862
UID_9937_9948_sorted	UID_9937_9948_sorted	0.2334861	-0.4098628	-0.08132003	0.1956979	0.02703046	-0.02064285	-0.02990157	0.06014505	0.05245416	-0.05728809
UID_9942_10151_sorted	UID_9942_10151_sorted	0.3321849	0.4549076	-0.3101396	0.1524724	-0.03553189	-0.02445826	0.01609442	-0.112276	-0.134644	0.1328722
UID_9945_9474_sorted	UID_9945_9474_sorted	0.2629918	-0.4578673	-0.1036096	0.003343883	-0.07937451	-0.04464097	0.03198857	0.001283925	0.01542362	0.1015663
UID_9952_9490_sorted	UID_9952_9490_sorted	-0.3953791	-0.02610673	-0.232668	-0.1012502	0.02651012	0.1111541	-0.03489983	0.07070355	-0.004816009	0.01173599
UID_9954_9924_sorted	UID_9954_9924_sorted	0.3112824	-0.1471432	0.07928174	-0.5441771	-0.2748394	-0.08478703	0.04519551	-0.003479746	0.1341718	0.05842041
UID_9964_10271_sorted	UID_9964_10271_sorted	0.2541116	-0.5386822	-0.1405541	0.2503069	0.01527177	-0.009981938	-0.03350484	0.03599266	0.01112177	-0.04715601
UID_9979_9976_sorted	UID_9979_9976_sorted	-0.4125015	-0.02044393	-0.2442708	-0.1216333	0.04657302	0.0995365	-0.004636143	0.05419627	0.04997293	0.095692
UID_9984_9382_sorted	UID_9984_9382_sorted	0.128919	0.09037663	0.1944954	-0.0168318	0.02037548	-0.01152404	-0.1560527	0.09122794	0.005646018	-0.00580814
